"X","Y"
3255,17823
3255,17824
3255,17825
3255,17826
3255,17827
3256,17817
3256,17819
3256,17820
3256,17821
3256,17822
3256,17823
3256,17824
3256,17825
3256,17826
3256,17827
3256,17828
3256,17829
3256,17830
3257,17814
3257,17815
3257,17816
3257,17817
3257,17818
3257,17819
3257,17820
3257,17821
3257,17822
3257,17823
3257,17824
3257,17825
3257,17826
3257,17827
3257,17828
3257,17829
3257,17830
3257,17831
3257,17834
3257,17835
3257,17836
3257,17837
3258,17813
3258,17814
3258,17815
3258,17816
3258,17817
3258,17818
3258,17819
3258,17820
3258,17821
3258,17822
3258,17823
3258,17824
3258,17825
3258,17826
3258,17827
3258,17828
3258,17829
3258,17830
3258,17831
3258,17832
3258,17833
3258,17834
3258,17835
3258,17836
3258,17837
3258,17838
3258,17839
3258,17840
3259,17794
3259,17795
3259,17796
3259,17797
3259,17812
3259,17813
3259,17814
3259,17815
3259,17816
3259,17817
3259,17818
3259,17819
3259,17820
3259,17821
3259,17822
3259,17823
3259,17824
3259,17825
3259,17826
3259,17827
3259,17828
3259,17829
3259,17830
3259,17831
3259,17832
3259,17833
3259,17834
3259,17835
3259,17836
3259,17837
3259,17838
3259,17839
3259,17840
3259,17841
3260,17791
3260,17792
3260,17793
3260,17794
3260,17795
3260,17796
3260,17797
3260,17798
3260,17799
3260,17800
3260,17802
3260,17803
3260,17811
3260,17812
3260,17813
3260,17814
3260,17815
3260,17816
3260,17817
3260,17818
3260,17819
3260,17820
3260,17821
3260,17822
3260,17823
3260,17824
3260,17825
3260,17826
3260,17827
3260,17828
3260,17829
3260,17830
3260,17831
3260,17832
3260,17833
3260,17834
3260,17835
3260,17836
3260,17837
3260,17838
3260,17839
3260,17840
3260,17841
3260,17842
3261,17778
3261,17779
3261,17785
3261,17786
3261,17787
3261,17788
3261,17789
3261,17790
3261,17791
3261,17792
3261,17793
3261,17794
3261,17795
3261,17796
3261,17797
3261,17798
3261,17799
3261,17800
3261,17801
3261,17802
3261,17803
3261,17804
3261,17805
3261,17806
3261,17808
3261,17809
3261,17810
3261,17811
3261,17812
3261,17813
3261,17814
3261,17815
3261,17816
3261,17817
3261,17818
3261,17819
3261,17820
3261,17821
3261,17822
3261,17823
3261,17824
3261,17825
3261,17826
3261,17827
3261,17828
3261,17829
3261,17830
3261,17831
3261,17832
3261,17833
3261,17834
3261,17835
3261,17836
3261,17837
3261,17838
3261,17839
3261,17840
3261,17841
3261,17842
3262,17775
3262,17776
3262,17777
3262,17778
3262,17779
3262,17780
3262,17781
3262,17782
3262,17783
3262,17784
3262,17785
3262,17786
3262,17787
3262,17788
3262,17789
3262,17790
3262,17791
3262,17792
3262,17793
3262,17794
3262,17795
3262,17796
3262,17797
3262,17798
3262,17799
3262,17800
3262,17801
3262,17802
3262,17803
3262,17804
3262,17805
3262,17806
3262,17807
3262,17808
3262,17809
3262,17810
3262,17811
3262,17812
3262,17813
3262,17814
3262,17815
3262,17816
3262,17817
3262,17818
3262,17819
3262,17820
3262,17821
3262,17822
3262,17823
3262,17824
3262,17825
3262,17826
3262,17827
3262,17828
3262,17829
3262,17830
3262,17831
3262,17832
3262,17833
3262,17834
3262,17835
3262,17836
3262,17837
3262,17838
3262,17839
3262,17840
3262,17841
3262,17842
3262,17843
3263,17773
3263,17774
3263,17775
3263,17776
3263,17777
3263,17778
3263,17779
3263,17780
3263,17781
3263,17782
3263,17783
3263,17784
3263,17785
3263,17786
3263,17787
3263,17788
3263,17789
3263,17790
3263,17791
3263,17792
3263,17793
3263,17794
3263,17795
3263,17796
3263,17797
3263,17798
3263,17799
3263,17800
3263,17801
3263,17802
3263,17803
3263,17804
3263,17805
3263,17806
3263,17807
3263,17808
3263,17809
3263,17810
3263,17811
3263,17812
3263,17813
3263,17814
3263,17815
3263,17816
3263,17817
3263,17818
3263,17819
3263,17820
3263,17821
3263,17822
3263,17823
3263,17824
3263,17825
3263,17826
3263,17827
3263,17828
3263,17829
3263,17830
3263,17831
3263,17832
3263,17833
3263,17834
3263,17835
3263,17836
3263,17837
3263,17838
3263,17839
3263,17840
3263,17841
3263,17842
3263,17843
3263,17844
3264,17772
3264,17773
3264,17774
3264,17775
3264,17776
3264,17777
3264,17778
3264,17779
3264,17780
3264,17781
3264,17782
3264,17783
3264,17784
3264,17785
3264,17786
3264,17787
3264,17788
3264,17789
3264,17790
3264,17791
3264,17792
3264,17793
3264,17794
3264,17795
3264,17796
3264,17797
3264,17798
3264,17799
3264,17800
3264,17801
3264,17802
3264,17803
3264,17804
3264,17805
3264,17806
3264,17807
3264,17808
3264,17809
3264,17810
3264,17811
3264,17812
3264,17813
3264,17814
3264,17815
3264,17816
3264,17817
3264,17818
3264,17819
3264,17820
3264,17821
3264,17822
3264,17823
3264,17824
3264,17825
3264,17826
3264,17827
3264,17828
3264,17829
3264,17830
3264,17831
3264,17832
3264,17833
3264,17834
3264,17835
3264,17836
3264,17837
3264,17838
3264,17839
3264,17840
3264,17841
3264,17842
3264,17843
3264,17844
3264,17845
3265,17771
3265,17772
3265,17773
3265,17774
3265,17775
3265,17776
3265,17777
3265,17778
3265,17779
3265,17780
3265,17781
3265,17782
3265,17783
3265,17784
3265,17785
3265,17786
3265,17787
3265,17788
3265,17789
3265,17790
3265,17791
3265,17792
3265,17793
3265,17794
3265,17795
3265,17796
3265,17797
3265,17798
3265,17799
3265,17800
3265,17801
3265,17802
3265,17803
3265,17804
3265,17805
3265,17806
3265,17807
3265,17808
3265,17809
3265,17810
3265,17811
3265,17812
3265,17813
3265,17814
3265,17815
3265,17816
3265,17817
3265,17818
3265,17819
3265,17820
3265,17821
3265,17822
3265,17823
3265,17824
3265,17825
3265,17826
3265,17827
3265,17828
3265,17829
3265,17830
3265,17831
3265,17832
3265,17833
3265,17834
3265,17835
3265,17836
3265,17837
3265,17838
3265,17839
3265,17840
3265,17841
3265,17842
3265,17843
3265,17844
3265,17845
3265,17846
3266,17771
3266,17772
3266,17773
3266,17774
3266,17775
3266,17776
3266,17777
3266,17778
3266,17779
3266,17780
3266,17781
3266,17782
3266,17783
3266,17784
3266,17785
3266,17786
3266,17787
3266,17788
3266,17789
3266,17790
3266,17791
3266,17792
3266,17793
3266,17794
3266,17795
3266,17796
3266,17797
3266,17798
3266,17799
3266,17800
3266,17801
3266,17802
3266,17803
3266,17804
3266,17805
3266,17806
3266,17807
3266,17808
3266,17809
3266,17810
3266,17811
3266,17812
3266,17813
3266,17814
3266,17815
3266,17816
3266,17817
3266,17818
3266,17819
3266,17820
3266,17821
3266,17822
3266,17823
3266,17824
3266,17825
3266,17826
3266,17827
3266,17828
3266,17829
3266,17830
3266,17831
3266,17832
3266,17833
3266,17834
3266,17835
3266,17836
3266,17837
3266,17838
3266,17839
3266,17840
3266,17841
3266,17842
3266,17843
3266,17844
3266,17845
3266,17846
3266,17847
3267,17770
3267,17771
3267,17772
3267,17773
3267,17774
3267,17775
3267,17776
3267,17777
3267,17778
3267,17779
3267,17780
3267,17781
3267,17782
3267,17783
3267,17784
3267,17785
3267,17786
3267,17787
3267,17788
3267,17789
3267,17790
3267,17791
3267,17792
3267,17793
3267,17794
3267,17795
3267,17796
3267,17797
3267,17798
3267,17799
3267,17800
3267,17801
3267,17802
3267,17803
3267,17804
3267,17805
3267,17806
3267,17807
3267,17808
3267,17809
3267,17810
3267,17811
3267,17812
3267,17813
3267,17814
3267,17815
3267,17816
3267,17817
3267,17818
3267,17819
3267,17820
3267,17821
3267,17822
3267,17823
3267,17824
3267,17825
3267,17826
3267,17827
3267,17828
3267,17829
3267,17830
3267,17831
3267,17832
3267,17833
3267,17834
3267,17835
3267,17836
3267,17837
3267,17838
3267,17839
3267,17840
3267,17841
3267,17842
3267,17843
3267,17844
3267,17845
3267,17846
3267,17847
3267,17848
3268,17769
3268,17770
3268,17771
3268,17772
3268,17773
3268,17774
3268,17775
3268,17776
3268,17777
3268,17778
3268,17779
3268,17780
3268,17781
3268,17782
3268,17783
3268,17784
3268,17785
3268,17786
3268,17787
3268,17788
3268,17789
3268,17790
3268,17791
3268,17792
3268,17793
3268,17794
3268,17795
3268,17796
3268,17797
3268,17798
3268,17799
3268,17800
3268,17801
3268,17802
3268,17803
3268,17804
3268,17805
3268,17806
3268,17807
3268,17808
3268,17809
3268,17810
3268,17811
3268,17812
3268,17813
3268,17814
3268,17815
3268,17816
3268,17817
3268,17818
3268,17819
3268,17820
3268,17821
3268,17822
3268,17823
3268,17824
3268,17825
3268,17826
3268,17827
3268,17828
3268,17829
3268,17830
3268,17831
3268,17832
3268,17833
3268,17834
3268,17835
3268,17836
3268,17837
3268,17838
3268,17839
3268,17840
3268,17841
3268,17842
3268,17843
3268,17844
3268,17845
3268,17846
3268,17847
3268,17848
3269,17769
3269,17770
3269,17771
3269,17772
3269,17773
3269,17774
3269,17775
3269,17776
3269,17777
3269,17778
3269,17779
3269,17780
3269,17781
3269,17782
3269,17783
3269,17784
3269,17785
3269,17786
3269,17787
3269,17788
3269,17789
3269,17790
3269,17791
3269,17792
3269,17793
3269,17794
3269,17795
3269,17796
3269,17797
3269,17798
3269,17799
3269,17800
3269,17801
3269,17802
3269,17803
3269,17804
3269,17805
3269,17806
3269,17807
3269,17808
3269,17809
3269,17810
3269,17811
3269,17812
3269,17813
3269,17814
3269,17815
3269,17816
3269,17817
3269,17818
3269,17819
3269,17820
3269,17821
3269,17822
3269,17823
3269,17824
3269,17825
3269,17826
3269,17827
3269,17828
3269,17829
3269,17830
3269,17831
3269,17832
3269,17833
3269,17834
3269,17835
3269,17836
3269,17837
3269,17838
3269,17839
3269,17840
3269,17841
3269,17842
3269,17843
3269,17844
3269,17845
3269,17846
3269,17847
3269,17848
3269,17849
3269,17850
3270,17769
3270,17770
3270,17771
3270,17772
3270,17773
3270,17774
3270,17775
3270,17776
3270,17777
3270,17778
3270,17779
3270,17780
3270,17781
3270,17782
3270,17783
3270,17784
3270,17785
3270,17786
3270,17787
3270,17788
3270,17789
3270,17790
3270,17791
3270,17792
3270,17793
3270,17794
3270,17795
3270,17796
3270,17797
3270,17798
3270,17799
3270,17800
3270,17801
3270,17802
3270,17803
3270,17804
3270,17805
3270,17806
3270,17807
3270,17808
3270,17809
3270,17810
3270,17811
3270,17812
3270,17813
3270,17814
3270,17815
3270,17816
3270,17817
3270,17818
3270,17819
3270,17820
3270,17821
3270,17822
3270,17823
3270,17824
3270,17825
3270,17826
3270,17827
3270,17828
3270,17829
3270,17830
3270,17831
3270,17832
3270,17833
3270,17834
3270,17835
3270,17836
3270,17837
3270,17838
3270,17839
3270,17840
3270,17841
3270,17842
3270,17843
3270,17844
3270,17845
3270,17846
3270,17847
3270,17848
3270,17849
3270,17850
3270,17851
3271,17768
3271,17769
3271,17770
3271,17771
3271,17772
3271,17773
3271,17774
3271,17775
3271,17776
3271,17777
3271,17778
3271,17779
3271,17780
3271,17781
3271,17782
3271,17783
3271,17784
3271,17785
3271,17786
3271,17787
3271,17788
3271,17789
3271,17790
3271,17791
3271,17792
3271,17793
3271,17794
3271,17795
3271,17796
3271,17797
3271,17798
3271,17799
3271,17800
3271,17801
3271,17802
3271,17803
3271,17804
3271,17805
3271,17806
3271,17807
3271,17808
3271,17809
3271,17810
3271,17811
3271,17812
3271,17813
3271,17814
3271,17815
3271,17816
3271,17817
3271,17818
3271,17819
3271,17820
3271,17821
3271,17822
3271,17823
3271,17824
3271,17825
3271,17826
3271,17827
3271,17828
3271,17829
3271,17830
3271,17831
3271,17832
3271,17833
3271,17834
3271,17835
3271,17836
3271,17837
3271,17838
3271,17839
3271,17840
3271,17841
3271,17842
3271,17843
3271,17844
3271,17845
3271,17846
3271,17847
3271,17848
3271,17849
3271,17850
3271,17851
3271,17852
3272,17759
3272,17761
3272,17762
3272,17766
3272,17767
3272,17768
3272,17769
3272,17770
3272,17771
3272,17772
3272,17773
3272,17774
3272,17775
3272,17776
3272,17777
3272,17778
3272,17779
3272,17780
3272,17781
3272,17782
3272,17783
3272,17784
3272,17785
3272,17786
3272,17787
3272,17788
3272,17789
3272,17790
3272,17791
3272,17792
3272,17793
3272,17794
3272,17795
3272,17796
3272,17797
3272,17798
3272,17799
3272,17800
3272,17801
3272,17802
3272,17803
3272,17804
3272,17805
3272,17806
3272,17807
3272,17808
3272,17809
3272,17810
3272,17811
3272,17812
3272,17813
3272,17814
3272,17815
3272,17816
3272,17817
3272,17818
3272,17819
3272,17820
3272,17821
3272,17822
3272,17823
3272,17824
3272,17825
3272,17826
3272,17827
3272,17828
3272,17829
3272,17830
3272,17831
3272,17832
3272,17833
3272,17834
3272,17835
3272,17836
3272,17837
3272,17838
3272,17839
3272,17840
3272,17841
3272,17842
3272,17843
3272,17844
3272,17845
3272,17846
3272,17847
3272,17848
3272,17849
3272,17850
3272,17851
3272,17852
3273,17756
3273,17757
3273,17758
3273,17759
3273,17760
3273,17761
3273,17762
3273,17763
3273,17764
3273,17765
3273,17766
3273,17767
3273,17768
3273,17769
3273,17770
3273,17771
3273,17772
3273,17773
3273,17774
3273,17775
3273,17776
3273,17777
3273,17778
3273,17779
3273,17780
3273,17781
3273,17782
3273,17783
3273,17784
3273,17785
3273,17786
3273,17787
3273,17788
3273,17789
3273,17790
3273,17791
3273,17792
3273,17793
3273,17794
3273,17795
3273,17796
3273,17797
3273,17798
3273,17799
3273,17800
3273,17801
3273,17802
3273,17803
3273,17804
3273,17805
3273,17806
3273,17807
3273,17808
3273,17809
3273,17810
3273,17811
3273,17812
3273,17813
3273,17814
3273,17815
3273,17816
3273,17817
3273,17818
3273,17819
3273,17820
3273,17821
3273,17822
3273,17823
3273,17824
3273,17825
3273,17826
3273,17827
3273,17828
3273,17829
3273,17830
3273,17831
3273,17832
3273,17833
3273,17834
3273,17835
3273,17836
3273,17837
3273,17838
3273,17839
3273,17840
3273,17841
3273,17842
3273,17843
3273,17844
3273,17845
3273,17846
3273,17847
3273,17848
3273,17849
3273,17850
3273,17851
3273,17852
3274,17755
3274,17756
3274,17757
3274,17758
3274,17759
3274,17760
3274,17761
3274,17762
3274,17763
3274,17764
3274,17765
3274,17766
3274,17767
3274,17768
3274,17769
3274,17770
3274,17771
3274,17772
3274,17773
3274,17774
3274,17775
3274,17776
3274,17777
3274,17778
3274,17779
3274,17780
3274,17781
3274,17782
3274,17783
3274,17784
3274,17785
3274,17786
3274,17787
3274,17788
3274,17789
3274,17790
3274,17791
3274,17792
3274,17793
3274,17794
3274,17795
3274,17796
3274,17797
3274,17798
3274,17799
3274,17800
3274,17801
3274,17802
3274,17803
3274,17804
3274,17805
3274,17806
3274,17807
3274,17808
3274,17809
3274,17810
3274,17811
3274,17812
3274,17813
3274,17814
3274,17815
3274,17816
3274,17817
3274,17818
3274,17819
3274,17820
3274,17821
3274,17822
3274,17823
3274,17824
3274,17825
3274,17826
3274,17827
3274,17828
3274,17829
3274,17830
3274,17831
3274,17832
3274,17833
3274,17834
3274,17835
3274,17836
3274,17837
3274,17838
3274,17839
3274,17840
3274,17841
3274,17842
3274,17843
3274,17844
3274,17845
3274,17846
3274,17847
3274,17848
3274,17849
3274,17850
3274,17851
3274,17852
3274,17853
3275,17753
3275,17754
3275,17755
3275,17756
3275,17757
3275,17758
3275,17759
3275,17760
3275,17761
3275,17762
3275,17763
3275,17764
3275,17765
3275,17766
3275,17767
3275,17768
3275,17769
3275,17770
3275,17771
3275,17772
3275,17773
3275,17774
3275,17775
3275,17776
3275,17777
3275,17778
3275,17779
3275,17780
3275,17781
3275,17782
3275,17783
3275,17784
3275,17785
3275,17786
3275,17787
3275,17788
3275,17789
3275,17790
3275,17791
3275,17792
3275,17793
3275,17794
3275,17795
3275,17796
3275,17797
3275,17798
3275,17799
3275,17800
3275,17801
3275,17802
3275,17803
3275,17804
3275,17805
3275,17806
3275,17807
3275,17808
3275,17809
3275,17810
3275,17811
3275,17812
3275,17813
3275,17814
3275,17815
3275,17816
3275,17817
3275,17818
3275,17819
3275,17820
3275,17821
3275,17822
3275,17823
3275,17824
3275,17825
3275,17826
3275,17827
3275,17828
3275,17829
3275,17830
3275,17831
3275,17832
3275,17833
3275,17834
3275,17835
3275,17836
3275,17837
3275,17838
3275,17839
3275,17840
3275,17841
3275,17842
3275,17843
3275,17844
3275,17845
3275,17846
3275,17847
3275,17848
3275,17849
3275,17850
3275,17851
3275,17852
3275,17853
3276,17752
3276,17753
3276,17754
3276,17755
3276,17756
3276,17757
3276,17758
3276,17759
3276,17760
3276,17761
3276,17762
3276,17763
3276,17764
3276,17765
3276,17766
3276,17767
3276,17768
3276,17769
3276,17770
3276,17771
3276,17772
3276,17773
3276,17774
3276,17775
3276,17776
3276,17777
3276,17778
3276,17779
3276,17780
3276,17781
3276,17782
3276,17783
3276,17784
3276,17785
3276,17786
3276,17787
3276,17788
3276,17789
3276,17790
3276,17791
3276,17792
3276,17793
3276,17794
3276,17795
3276,17796
3276,17797
3276,17798
3276,17799
3276,17800
3276,17801
3276,17802
3276,17803
3276,17804
3276,17805
3276,17806
3276,17807
3276,17808
3276,17809
3276,17810
3276,17811
3276,17812
3276,17813
3276,17814
3276,17815
3276,17816
3276,17817
3276,17818
3276,17819
3276,17820
3276,17821
3276,17822
3276,17823
3276,17824
3276,17825
3276,17826
3276,17827
3276,17828
3276,17829
3276,17830
3276,17831
3276,17832
3276,17833
3276,17834
3276,17835
3276,17836
3276,17837
3276,17838
3276,17839
3276,17840
3276,17841
3276,17842
3276,17843
3276,17844
3276,17845
3276,17846
3276,17847
3276,17848
3276,17849
3276,17850
3276,17851
3276,17852
3276,17853
3277,17750
3277,17751
3277,17752
3277,17753
3277,17754
3277,17755
3277,17756
3277,17757
3277,17758
3277,17759
3277,17760
3277,17761
3277,17762
3277,17763
3277,17764
3277,17765
3277,17766
3277,17767
3277,17768
3277,17769
3277,17770
3277,17771
3277,17772
3277,17773
3277,17774
3277,17775
3277,17776
3277,17777
3277,17778
3277,17779
3277,17780
3277,17781
3277,17782
3277,17783
3277,17784
3277,17785
3277,17786
3277,17787
3277,17788
3277,17789
3277,17790
3277,17791
3277,17792
3277,17793
3277,17794
3277,17795
3277,17796
3277,17797
3277,17798
3277,17799
3277,17800
3277,17801
3277,17802
3277,17803
3277,17804
3277,17805
3277,17806
3277,17807
3277,17808
3277,17809
3277,17810
3277,17811
3277,17812
3277,17813
3277,17814
3277,17815
3277,17816
3277,17817
3277,17818
3277,17819
3277,17820
3277,17821
3277,17822
3277,17823
3277,17824
3277,17825
3277,17826
3277,17827
3277,17828
3277,17829
3277,17830
3277,17831
3277,17832
3277,17833
3277,17834
3277,17835
3277,17836
3277,17837
3277,17838
3277,17839
3277,17840
3277,17841
3277,17842
3277,17843
3277,17844
3277,17845
3277,17846
3277,17847
3277,17848
3277,17849
3277,17850
3277,17851
3277,17852
3277,17853
3277,17854
3278,17749
3278,17750
3278,17751
3278,17752
3278,17753
3278,17754
3278,17755
3278,17756
3278,17757
3278,17758
3278,17759
3278,17760
3278,17761
3278,17762
3278,17763
3278,17764
3278,17765
3278,17766
3278,17767
3278,17768
3278,17769
3278,17770
3278,17771
3278,17772
3278,17773
3278,17774
3278,17775
3278,17776
3278,17777
3278,17778
3278,17779
3278,17780
3278,17781
3278,17782
3278,17783
3278,17784
3278,17785
3278,17786
3278,17787
3278,17788
3278,17789
3278,17790
3278,17791
3278,17792
3278,17793
3278,17794
3278,17795
3278,17796
3278,17797
3278,17798
3278,17799
3278,17800
3278,17801
3278,17802
3278,17803
3278,17804
3278,17805
3278,17806
3278,17807
3278,17808
3278,17809
3278,17810
3278,17811
3278,17812
3278,17813
3278,17814
3278,17815
3278,17816
3278,17817
3278,17818
3278,17819
3278,17820
3278,17821
3278,17822
3278,17823
3278,17824
3278,17825
3278,17826
3278,17827
3278,17828
3278,17829
3278,17830
3278,17831
3278,17832
3278,17833
3278,17834
3278,17835
3278,17836
3278,17837
3278,17838
3278,17839
3278,17840
3278,17841
3278,17842
3278,17843
3278,17844
3278,17845
3278,17846
3278,17847
3278,17848
3278,17849
3278,17850
3278,17851
3278,17852
3278,17853
3278,17854
3278,17855
3279,17747
3279,17748
3279,17749
3279,17750
3279,17751
3279,17752
3279,17753
3279,17754
3279,17755
3279,17756
3279,17757
3279,17758
3279,17759
3279,17760
3279,17761
3279,17762
3279,17763
3279,17764
3279,17765
3279,17766
3279,17767
3279,17768
3279,17769
3279,17770
3279,17771
3279,17772
3279,17773
3279,17774
3279,17775
3279,17776
3279,17777
3279,17778
3279,17779
3279,17780
3279,17781
3279,17782
3279,17783
3279,17784
3279,17785
3279,17786
3279,17787
3279,17788
3279,17789
3279,17790
3279,17791
3279,17792
3279,17793
3279,17794
3279,17795
3279,17796
3279,17797
3279,17798
3279,17799
3279,17800
3279,17801
3279,17802
3279,17803
3279,17804
3279,17805
3279,17806
3279,17807
3279,17808
3279,17809
3279,17810
3279,17811
3279,17812
3279,17813
3279,17814
3279,17815
3279,17816
3279,17817
3279,17818
3279,17819
3279,17820
3279,17821
3279,17822
3279,17823
3279,17824
3279,17825
3279,17826
3279,17827
3279,17828
3279,17829
3279,17830
3279,17831
3279,17832
3279,17833
3279,17834
3279,17835
3279,17836
3279,17837
3279,17838
3279,17839
3279,17840
3279,17841
3279,17842
3279,17843
3279,17844
3279,17845
3279,17846
3279,17847
3279,17848
3279,17849
3279,17850
3279,17851
3279,17852
3279,17853
3279,17854
3279,17855
3279,17856
3280,17744
3280,17745
3280,17746
3280,17747
3280,17748
3280,17749
3280,17750
3280,17751
3280,17752
3280,17753
3280,17754
3280,17755
3280,17756
3280,17757
3280,17758
3280,17759
3280,17760
3280,17761
3280,17762
3280,17763
3280,17764
3280,17765
3280,17766
3280,17767
3280,17768
3280,17769
3280,17770
3280,17771
3280,17772
3280,17773
3280,17774
3280,17775
3280,17776
3280,17777
3280,17778
3280,17779
3280,17780
3280,17781
3280,17782
3280,17783
3280,17784
3280,17785
3280,17786
3280,17787
3280,17788
3280,17789
3280,17790
3280,17791
3280,17792
3280,17793
3280,17794
3280,17795
3280,17796
3280,17797
3280,17798
3280,17799
3280,17800
3280,17801
3280,17802
3280,17803
3280,17804
3280,17805
3280,17806
3280,17807
3280,17808
3280,17809
3280,17810
3280,17811
3280,17812
3280,17813
3280,17814
3280,17815
3280,17816
3280,17817
3280,17818
3280,17819
3280,17820
3280,17821
3280,17822
3280,17823
3280,17824
3280,17825
3280,17826
3280,17827
3280,17828
3280,17829
3280,17830
3280,17831
3280,17832
3280,17833
3280,17834
3280,17835
3280,17836
3280,17837
3280,17838
3280,17839
3280,17840
3280,17841
3280,17842
3280,17843
3280,17844
3280,17845
3280,17846
3280,17847
3280,17848
3280,17849
3280,17850
3280,17851
3280,17852
3280,17853
3280,17854
3280,17855
3280,17856
3280,17857
3281,17742
3281,17743
3281,17744
3281,17745
3281,17746
3281,17747
3281,17748
3281,17749
3281,17750
3281,17751
3281,17752
3281,17753
3281,17754
3281,17755
3281,17756
3281,17757
3281,17758
3281,17759
3281,17760
3281,17761
3281,17762
3281,17763
3281,17764
3281,17765
3281,17766
3281,17767
3281,17768
3281,17769
3281,17770
3281,17771
3281,17772
3281,17773
3281,17774
3281,17775
3281,17776
3281,17777
3281,17778
3281,17779
3281,17780
3281,17781
3281,17782
3281,17783
3281,17784
3281,17785
3281,17786
3281,17787
3281,17788
3281,17789
3281,17790
3281,17791
3281,17792
3281,17793
3281,17794
3281,17795
3281,17796
3281,17797
3281,17798
3281,17799
3281,17800
3281,17801
3281,17802
3281,17803
3281,17804
3281,17805
3281,17806
3281,17807
3281,17808
3281,17809
3281,17810
3281,17811
3281,17812
3281,17813
3281,17814
3281,17815
3281,17816
3281,17817
3281,17818
3281,17819
3281,17820
3281,17821
3281,17822
3281,17823
3281,17824
3281,17825
3281,17826
3281,17827
3281,17828
3281,17829
3281,17830
3281,17831
3281,17832
3281,17833
3281,17834
3281,17835
3281,17836
3281,17837
3281,17838
3281,17839
3281,17840
3281,17841
3281,17842
3281,17843
3281,17844
3281,17845
3281,17846
3281,17847
3281,17848
3281,17849
3281,17850
3281,17851
3281,17852
3281,17853
3281,17854
3281,17855
3281,17856
3281,17857
3282,17741
3282,17742
3282,17743
3282,17744
3282,17745
3282,17746
3282,17747
3282,17748
3282,17749
3282,17750
3282,17751
3282,17752
3282,17753
3282,17754
3282,17755
3282,17756
3282,17757
3282,17758
3282,17759
3282,17760
3282,17761
3282,17762
3282,17763
3282,17764
3282,17765
3282,17766
3282,17767
3282,17768
3282,17769
3282,17770
3282,17771
3282,17772
3282,17773
3282,17774
3282,17775
3282,17776
3282,17777
3282,17778
3282,17779
3282,17780
3282,17781
3282,17782
3282,17783
3282,17784
3282,17785
3282,17786
3282,17787
3282,17788
3282,17789
3282,17790
3282,17791
3282,17792
3282,17793
3282,17794
3282,17795
3282,17796
3282,17797
3282,17798
3282,17799
3282,17800
3282,17801
3282,17802
3282,17803
3282,17804
3282,17805
3282,17806
3282,17807
3282,17808
3282,17809
3282,17810
3282,17811
3282,17812
3282,17813
3282,17814
3282,17815
3282,17816
3282,17817
3282,17818
3282,17819
3282,17820
3282,17821
3282,17822
3282,17823
3282,17824
3282,17825
3282,17826
3282,17827
3282,17828
3282,17829
3282,17830
3282,17831
3282,17832
3282,17833
3282,17834
3282,17835
3282,17836
3282,17837
3282,17838
3282,17839
3282,17840
3282,17841
3282,17842
3282,17843
3282,17844
3282,17845
3282,17846
3282,17847
3282,17848
3282,17849
3282,17850
3282,17851
3282,17852
3282,17853
3282,17854
3282,17855
3282,17856
3282,17857
3283,17740
3283,17741
3283,17742
3283,17743
3283,17744
3283,17745
3283,17746
3283,17747
3283,17748
3283,17749
3283,17750
3283,17751
3283,17752
3283,17753
3283,17754
3283,17755
3283,17756
3283,17757
3283,17758
3283,17759
3283,17760
3283,17761
3283,17762
3283,17763
3283,17764
3283,17765
3283,17766
3283,17767
3283,17768
3283,17769
3283,17770
3283,17771
3283,17772
3283,17773
3283,17774
3283,17775
3283,17776
3283,17777
3283,17778
3283,17779
3283,17780
3283,17781
3283,17782
3283,17783
3283,17784
3283,17785
3283,17786
3283,17787
3283,17788
3283,17789
3283,17790
3283,17791
3283,17792
3283,17793
3283,17794
3283,17795
3283,17796
3283,17797
3283,17798
3283,17799
3283,17800
3283,17801
3283,17802
3283,17803
3283,17804
3283,17805
3283,17806
3283,17807
3283,17808
3283,17809
3283,17810
3283,17811
3283,17812
3283,17813
3283,17814
3283,17815
3283,17816
3283,17817
3283,17818
3283,17819
3283,17820
3283,17821
3283,17822
3283,17823
3283,17824
3283,17825
3283,17826
3283,17827
3283,17828
3283,17829
3283,17830
3283,17831
3283,17832
3283,17833
3283,17834
3283,17835
3283,17836
3283,17837
3283,17838
3283,17839
3283,17840
3283,17841
3283,17842
3283,17843
3283,17844
3283,17845
3283,17846
3283,17847
3283,17848
3283,17849
3283,17850
3283,17851
3283,17852
3283,17853
3283,17854
3283,17855
3283,17856
3283,17857
3283,17858
3284,17739
3284,17740
3284,17741
3284,17742
3284,17743
3284,17744
3284,17745
3284,17746
3284,17747
3284,17748
3284,17749
3284,17750
3284,17751
3284,17752
3284,17753
3284,17754
3284,17755
3284,17756
3284,17757
3284,17758
3284,17759
3284,17760
3284,17761
3284,17762
3284,17763
3284,17764
3284,17765
3284,17766
3284,17767
3284,17768
3284,17769
3284,17770
3284,17771
3284,17772
3284,17773
3284,17774
3284,17775
3284,17776
3284,17777
3284,17778
3284,17779
3284,17780
3284,17781
3284,17782
3284,17783
3284,17784
3284,17785
3284,17786
3284,17787
3284,17788
3284,17789
3284,17790
3284,17791
3284,17792
3284,17793
3284,17794
3284,17795
3284,17796
3284,17797
3284,17798
3284,17799
3284,17800
3284,17801
3284,17802
3284,17803
3284,17804
3284,17805
3284,17806
3284,17807
3284,17808
3284,17809
3284,17810
3284,17811
3284,17812
3284,17813
3284,17814
3284,17815
3284,17816
3284,17817
3284,17818
3284,17819
3284,17820
3284,17821
3284,17822
3284,17823
3284,17824
3284,17825
3284,17826
3284,17827
3284,17828
3284,17829
3284,17830
3284,17831
3284,17832
3284,17833
3284,17834
3284,17835
3284,17836
3284,17837
3284,17838
3284,17839
3284,17840
3284,17841
3284,17842
3284,17843
3284,17844
3284,17845
3284,17846
3284,17847
3284,17848
3284,17849
3284,17850
3284,17851
3284,17852
3284,17853
3284,17854
3284,17855
3284,17856
3284,17857
3284,17858
3284,17859
3285,17738
3285,17739
3285,17740
3285,17741
3285,17742
3285,17743
3285,17744
3285,17745
3285,17746
3285,17747
3285,17748
3285,17749
3285,17750
3285,17751
3285,17752
3285,17753
3285,17754
3285,17755
3285,17756
3285,17757
3285,17758
3285,17759
3285,17760
3285,17761
3285,17762
3285,17763
3285,17764
3285,17765
3285,17766
3285,17767
3285,17768
3285,17769
3285,17770
3285,17771
3285,17772
3285,17773
3285,17774
3285,17775
3285,17776
3285,17777
3285,17778
3285,17779
3285,17780
3285,17781
3285,17782
3285,17783
3285,17784
3285,17785
3285,17786
3285,17787
3285,17788
3285,17789
3285,17790
3285,17791
3285,17792
3285,17793
3285,17794
3285,17795
3285,17796
3285,17797
3285,17798
3285,17799
3285,17800
3285,17801
3285,17802
3285,17803
3285,17804
3285,17805
3285,17806
3285,17807
3285,17808
3285,17809
3285,17810
3285,17811
3285,17812
3285,17813
3285,17814
3285,17815
3285,17816
3285,17817
3285,17818
3285,17819
3285,17820
3285,17821
3285,17822
3285,17823
3285,17824
3285,17825
3285,17826
3285,17827
3285,17828
3285,17829
3285,17830
3285,17831
3285,17832
3285,17833
3285,17834
3285,17835
3285,17836
3285,17837
3285,17838
3285,17839
3285,17840
3285,17841
3285,17842
3285,17843
3285,17844
3285,17845
3285,17846
3285,17847
3285,17848
3285,17849
3285,17850
3285,17851
3285,17852
3285,17853
3285,17854
3285,17855
3285,17856
3285,17857
3285,17858
3285,17859
3285,17860
3285,17861
3286,17737
3286,17738
3286,17739
3286,17740
3286,17741
3286,17742
3286,17743
3286,17744
3286,17745
3286,17746
3286,17747
3286,17748
3286,17749
3286,17750
3286,17751
3286,17752
3286,17753
3286,17754
3286,17755
3286,17756
3286,17757
3286,17758
3286,17759
3286,17760
3286,17761
3286,17762
3286,17763
3286,17764
3286,17765
3286,17766
3286,17767
3286,17768
3286,17769
3286,17770
3286,17771
3286,17772
3286,17773
3286,17774
3286,17775
3286,17776
3286,17777
3286,17778
3286,17779
3286,17780
3286,17781
3286,17782
3286,17783
3286,17784
3286,17785
3286,17786
3286,17787
3286,17788
3286,17789
3286,17790
3286,17791
3286,17792
3286,17793
3286,17794
3286,17795
3286,17796
3286,17797
3286,17798
3286,17799
3286,17800
3286,17801
3286,17802
3286,17803
3286,17804
3286,17805
3286,17806
3286,17807
3286,17808
3286,17809
3286,17810
3286,17811
3286,17812
3286,17813
3286,17814
3286,17815
3286,17816
3286,17817
3286,17818
3286,17819
3286,17820
3286,17821
3286,17822
3286,17823
3286,17824
3286,17825
3286,17826
3286,17827
3286,17828
3286,17829
3286,17830
3286,17831
3286,17832
3286,17833
3286,17834
3286,17835
3286,17836
3286,17837
3286,17838
3286,17839
3286,17840
3286,17841
3286,17842
3286,17843
3286,17844
3286,17845
3286,17846
3286,17847
3286,17848
3286,17849
3286,17850
3286,17851
3286,17852
3286,17853
3286,17854
3286,17855
3286,17856
3286,17857
3286,17858
3286,17859
3286,17860
3286,17861
3286,17862
3287,17736
3287,17737
3287,17738
3287,17739
3287,17740
3287,17741
3287,17742
3287,17743
3287,17744
3287,17745
3287,17746
3287,17747
3287,17748
3287,17749
3287,17750
3287,17751
3287,17752
3287,17753
3287,17754
3287,17755
3287,17756
3287,17757
3287,17758
3287,17759
3287,17760
3287,17761
3287,17762
3287,17763
3287,17764
3287,17765
3287,17766
3287,17767
3287,17768
3287,17769
3287,17770
3287,17771
3287,17772
3287,17773
3287,17774
3287,17775
3287,17776
3287,17777
3287,17778
3287,17779
3287,17780
3287,17781
3287,17782
3287,17783
3287,17784
3287,17785
3287,17786
3287,17787
3287,17788
3287,17789
3287,17790
3287,17791
3287,17792
3287,17793
3287,17794
3287,17795
3287,17796
3287,17797
3287,17798
3287,17799
3287,17800
3287,17801
3287,17802
3287,17803
3287,17804
3287,17805
3287,17806
3287,17807
3287,17808
3287,17809
3287,17810
3287,17811
3287,17812
3287,17813
3287,17814
3287,17815
3287,17816
3287,17817
3287,17818
3287,17819
3287,17820
3287,17821
3287,17822
3287,17823
3287,17824
3287,17825
3287,17826
3287,17827
3287,17828
3287,17829
3287,17830
3287,17831
3287,17832
3287,17833
3287,17834
3287,17835
3287,17836
3287,17837
3287,17838
3287,17839
3287,17840
3287,17841
3287,17842
3287,17843
3287,17844
3287,17845
3287,17846
3287,17847
3287,17848
3287,17849
3287,17850
3287,17851
3287,17852
3287,17853
3287,17854
3287,17855
3287,17856
3287,17857
3287,17858
3287,17859
3287,17860
3287,17861
3287,17862
3287,17863
3288,17736
3288,17737
3288,17738
3288,17739
3288,17740
3288,17741
3288,17742
3288,17743
3288,17744
3288,17745
3288,17746
3288,17747
3288,17748
3288,17749
3288,17750
3288,17751
3288,17752
3288,17753
3288,17754
3288,17755
3288,17756
3288,17757
3288,17758
3288,17759
3288,17760
3288,17761
3288,17762
3288,17763
3288,17764
3288,17765
3288,17766
3288,17767
3288,17768
3288,17769
3288,17770
3288,17771
3288,17772
3288,17773
3288,17774
3288,17775
3288,17776
3288,17777
3288,17778
3288,17779
3288,17780
3288,17781
3288,17782
3288,17783
3288,17784
3288,17785
3288,17786
3288,17787
3288,17788
3288,17789
3288,17790
3288,17791
3288,17792
3288,17793
3288,17794
3288,17795
3288,17796
3288,17797
3288,17798
3288,17799
3288,17800
3288,17801
3288,17802
3288,17803
3288,17804
3288,17805
3288,17806
3288,17807
3288,17808
3288,17809
3288,17810
3288,17811
3288,17812
3288,17813
3288,17814
3288,17815
3288,17816
3288,17817
3288,17818
3288,17819
3288,17820
3288,17821
3288,17822
3288,17823
3288,17824
3288,17825
3288,17826
3288,17827
3288,17828
3288,17829
3288,17830
3288,17831
3288,17832
3288,17833
3288,17834
3288,17835
3288,17836
3288,17837
3288,17838
3288,17839
3288,17840
3288,17841
3288,17842
3288,17843
3288,17844
3288,17845
3288,17846
3288,17847
3288,17848
3288,17849
3288,17850
3288,17851
3288,17852
3288,17853
3288,17854
3288,17855
3288,17856
3288,17857
3288,17858
3288,17859
3288,17860
3288,17861
3288,17862
3288,17863
3288,17864
3288,17866
3289,17736
3289,17737
3289,17738
3289,17739
3289,17740
3289,17741
3289,17742
3289,17743
3289,17744
3289,17745
3289,17746
3289,17747
3289,17748
3289,17749
3289,17750
3289,17751
3289,17752
3289,17753
3289,17754
3289,17755
3289,17756
3289,17757
3289,17758
3289,17759
3289,17760
3289,17761
3289,17762
3289,17763
3289,17764
3289,17765
3289,17766
3289,17767
3289,17768
3289,17769
3289,17770
3289,17771
3289,17772
3289,17773
3289,17774
3289,17775
3289,17776
3289,17777
3289,17778
3289,17779
3289,17780
3289,17781
3289,17782
3289,17783
3289,17784
3289,17785
3289,17786
3289,17787
3289,17788
3289,17789
3289,17790
3289,17791
3289,17792
3289,17793
3289,17794
3289,17795
3289,17796
3289,17797
3289,17798
3289,17799
3289,17800
3289,17801
3289,17802
3289,17803
3289,17804
3289,17805
3289,17806
3289,17807
3289,17808
3289,17809
3289,17810
3289,17811
3289,17812
3289,17813
3289,17814
3289,17815
3289,17816
3289,17817
3289,17818
3289,17819
3289,17820
3289,17821
3289,17822
3289,17823
3289,17824
3289,17825
3289,17826
3289,17827
3289,17828
3289,17829
3289,17830
3289,17831
3289,17832
3289,17833
3289,17834
3289,17835
3289,17836
3289,17837
3289,17838
3289,17839
3289,17840
3289,17841
3289,17842
3289,17843
3289,17844
3289,17845
3289,17846
3289,17847
3289,17848
3289,17849
3289,17850
3289,17851
3289,17852
3289,17853
3289,17854
3289,17855
3289,17856
3289,17857
3289,17858
3289,17859
3289,17860
3289,17861
3289,17862
3289,17863
3289,17864
3289,17865
3289,17866
3289,17867
3289,17868
3290,17735
3290,17736
3290,17737
3290,17738
3290,17739
3290,17740
3290,17741
3290,17742
3290,17743
3290,17744
3290,17745
3290,17746
3290,17747
3290,17748
3290,17749
3290,17750
3290,17751
3290,17752
3290,17753
3290,17754
3290,17755
3290,17756
3290,17757
3290,17758
3290,17759
3290,17760
3290,17761
3290,17762
3290,17763
3290,17764
3290,17765
3290,17766
3290,17767
3290,17768
3290,17769
3290,17770
3290,17771
3290,17772
3290,17773
3290,17774
3290,17775
3290,17776
3290,17777
3290,17778
3290,17779
3290,17780
3290,17781
3290,17782
3290,17783
3290,17784
3290,17785
3290,17786
3290,17787
3290,17788
3290,17789
3290,17790
3290,17791
3290,17792
3290,17793
3290,17794
3290,17795
3290,17796
3290,17797
3290,17798
3290,17799
3290,17800
3290,17801
3290,17802
3290,17803
3290,17804
3290,17805
3290,17806
3290,17807
3290,17808
3290,17809
3290,17810
3290,17811
3290,17812
3290,17813
3290,17814
3290,17815
3290,17816
3290,17817
3290,17818
3290,17819
3290,17820
3290,17821
3290,17822
3290,17823
3290,17824
3290,17825
3290,17826
3290,17827
3290,17828
3290,17829
3290,17830
3290,17831
3290,17832
3290,17833
3290,17834
3290,17835
3290,17836
3290,17837
3290,17838
3290,17839
3290,17840
3290,17841
3290,17842
3290,17843
3290,17844
3290,17845
3290,17846
3290,17847
3290,17848
3290,17849
3290,17850
3290,17851
3290,17852
3290,17853
3290,17854
3290,17855
3290,17856
3290,17857
3290,17858
3290,17859
3290,17860
3290,17861
3290,17862
3290,17863
3290,17864
3290,17865
3290,17866
3290,17867
3290,17868
3290,17869
3291,17735
3291,17736
3291,17737
3291,17738
3291,17739
3291,17740
3291,17741
3291,17742
3291,17743
3291,17744
3291,17745
3291,17746
3291,17747
3291,17748
3291,17749
3291,17750
3291,17751
3291,17752
3291,17753
3291,17754
3291,17755
3291,17756
3291,17757
3291,17758
3291,17759
3291,17760
3291,17761
3291,17762
3291,17763
3291,17764
3291,17765
3291,17766
3291,17767
3291,17768
3291,17769
3291,17770
3291,17771
3291,17772
3291,17773
3291,17774
3291,17775
3291,17776
3291,17777
3291,17778
3291,17779
3291,17780
3291,17781
3291,17782
3291,17783
3291,17784
3291,17785
3291,17786
3291,17787
3291,17788
3291,17789
3291,17790
3291,17791
3291,17792
3291,17793
3291,17794
3291,17795
3291,17796
3291,17797
3291,17798
3291,17799
3291,17800
3291,17801
3291,17802
3291,17803
3291,17804
3291,17805
3291,17806
3291,17807
3291,17808
3291,17809
3291,17810
3291,17811
3291,17812
3291,17813
3291,17814
3291,17815
3291,17816
3291,17817
3291,17818
3291,17819
3291,17820
3291,17821
3291,17822
3291,17823
3291,17824
3291,17825
3291,17826
3291,17827
3291,17828
3291,17829
3291,17830
3291,17831
3291,17832
3291,17833
3291,17834
3291,17835
3291,17836
3291,17837
3291,17838
3291,17839
3291,17840
3291,17841
3291,17842
3291,17843
3291,17844
3291,17845
3291,17846
3291,17847
3291,17848
3291,17849
3291,17850
3291,17851
3291,17852
3291,17853
3291,17854
3291,17855
3291,17856
3291,17857
3291,17858
3291,17859
3291,17860
3291,17861
3291,17862
3291,17863
3291,17864
3291,17865
3291,17866
3291,17867
3291,17868
3291,17869
3291,17870
3292,17735
3292,17736
3292,17737
3292,17738
3292,17739
3292,17740
3292,17741
3292,17742
3292,17743
3292,17744
3292,17745
3292,17746
3292,17747
3292,17748
3292,17749
3292,17750
3292,17751
3292,17752
3292,17753
3292,17754
3292,17755
3292,17756
3292,17757
3292,17758
3292,17759
3292,17760
3292,17761
3292,17762
3292,17763
3292,17764
3292,17765
3292,17766
3292,17767
3292,17768
3292,17769
3292,17770
3292,17771
3292,17772
3292,17773
3292,17774
3292,17775
3292,17776
3292,17777
3292,17778
3292,17779
3292,17780
3292,17781
3292,17782
3292,17783
3292,17784
3292,17785
3292,17786
3292,17787
3292,17788
3292,17789
3292,17790
3292,17791
3292,17792
3292,17793
3292,17794
3292,17795
3292,17796
3292,17797
3292,17798
3292,17799
3292,17800
3292,17801
3292,17802
3292,17803
3292,17804
3292,17805
3292,17806
3292,17807
3292,17808
3292,17809
3292,17810
3292,17811
3292,17812
3292,17813
3292,17814
3292,17815
3292,17816
3292,17817
3292,17818
3292,17819
3292,17820
3292,17821
3292,17822
3292,17823
3292,17824
3292,17825
3292,17826
3292,17827
3292,17828
3292,17829
3292,17830
3292,17831
3292,17832
3292,17833
3292,17834
3292,17835
3292,17836
3292,17837
3292,17838
3292,17839
3292,17840
3292,17841
3292,17842
3292,17843
3292,17844
3292,17845
3292,17846
3292,17847
3292,17848
3292,17849
3292,17850
3292,17851
3292,17852
3292,17853
3292,17854
3292,17855
3292,17856
3292,17857
3292,17858
3292,17859
3292,17860
3292,17861
3292,17862
3292,17863
3292,17864
3292,17865
3292,17866
3292,17867
3292,17868
3292,17869
3292,17870
3293,17734
3293,17735
3293,17736
3293,17737
3293,17738
3293,17739
3293,17740
3293,17741
3293,17742
3293,17743
3293,17744
3293,17745
3293,17746
3293,17747
3293,17748
3293,17749
3293,17750
3293,17751
3293,17752
3293,17753
3293,17754
3293,17755
3293,17756
3293,17757
3293,17758
3293,17759
3293,17760
3293,17761
3293,17762
3293,17763
3293,17764
3293,17765
3293,17766
3293,17767
3293,17768
3293,17769
3293,17770
3293,17771
3293,17772
3293,17773
3293,17774
3293,17775
3293,17776
3293,17777
3293,17778
3293,17779
3293,17780
3293,17781
3293,17782
3293,17783
3293,17784
3293,17785
3293,17786
3293,17787
3293,17788
3293,17789
3293,17790
3293,17791
3293,17792
3293,17793
3293,17794
3293,17795
3293,17796
3293,17797
3293,17798
3293,17799
3293,17800
3293,17801
3293,17802
3293,17803
3293,17804
3293,17805
3293,17806
3293,17807
3293,17808
3293,17809
3293,17810
3293,17811
3293,17812
3293,17813
3293,17814
3293,17815
3293,17816
3293,17817
3293,17818
3293,17819
3293,17820
3293,17821
3293,17822
3293,17823
3293,17824
3293,17825
3293,17826
3293,17827
3293,17828
3293,17829
3293,17830
3293,17831
3293,17832
3293,17833
3293,17834
3293,17835
3293,17836
3293,17837
3293,17838
3293,17839
3293,17840
3293,17841
3293,17842
3293,17843
3293,17844
3293,17845
3293,17846
3293,17847
3293,17848
3293,17849
3293,17850
3293,17851
3293,17852
3293,17853
3293,17854
3293,17855
3293,17856
3293,17857
3293,17858
3293,17859
3293,17860
3293,17861
3293,17862
3293,17863
3293,17864
3293,17865
3293,17866
3293,17867
3293,17868
3293,17869
3293,17870
3293,17871
3294,17734
3294,17735
3294,17736
3294,17737
3294,17738
3294,17739
3294,17740
3294,17741
3294,17742
3294,17743
3294,17744
3294,17745
3294,17746
3294,17747
3294,17748
3294,17749
3294,17750
3294,17751
3294,17752
3294,17753
3294,17754
3294,17755
3294,17756
3294,17757
3294,17758
3294,17759
3294,17760
3294,17761
3294,17762
3294,17763
3294,17764
3294,17765
3294,17766
3294,17767
3294,17768
3294,17769
3294,17770
3294,17771
3294,17772
3294,17773
3294,17774
3294,17775
3294,17776
3294,17777
3294,17778
3294,17779
3294,17780
3294,17781
3294,17782
3294,17783
3294,17784
3294,17785
3294,17786
3294,17787
3294,17788
3294,17789
3294,17790
3294,17791
3294,17792
3294,17793
3294,17794
3294,17795
3294,17796
3294,17797
3294,17798
3294,17799
3294,17800
3294,17801
3294,17802
3294,17803
3294,17804
3294,17805
3294,17806
3294,17807
3294,17808
3294,17809
3294,17810
3294,17811
3294,17812
3294,17813
3294,17814
3294,17815
3294,17816
3294,17817
3294,17818
3294,17819
3294,17820
3294,17821
3294,17822
3294,17823
3294,17824
3294,17825
3294,17826
3294,17827
3294,17828
3294,17829
3294,17830
3294,17831
3294,17832
3294,17833
3294,17834
3294,17835
3294,17836
3294,17837
3294,17838
3294,17839
3294,17840
3294,17841
3294,17842
3294,17843
3294,17844
3294,17845
3294,17846
3294,17847
3294,17848
3294,17849
3294,17850
3294,17851
3294,17852
3294,17853
3294,17854
3294,17855
3294,17856
3294,17857
3294,17858
3294,17859
3294,17860
3294,17861
3294,17862
3294,17863
3294,17864
3294,17865
3294,17866
3294,17867
3294,17868
3294,17869
3294,17870
3294,17871
3295,17734
3295,17735
3295,17736
3295,17737
3295,17738
3295,17739
3295,17740
3295,17741
3295,17742
3295,17743
3295,17744
3295,17745
3295,17746
3295,17747
3295,17748
3295,17749
3295,17750
3295,17751
3295,17752
3295,17753
3295,17754
3295,17755
3295,17756
3295,17757
3295,17758
3295,17759
3295,17760
3295,17761
3295,17762
3295,17763
3295,17764
3295,17765
3295,17766
3295,17767
3295,17768
3295,17769
3295,17770
3295,17771
3295,17772
3295,17773
3295,17774
3295,17775
3295,17776
3295,17777
3295,17778
3295,17779
3295,17780
3295,17781
3295,17782
3295,17783
3295,17784
3295,17785
3295,17786
3295,17787
3295,17788
3295,17789
3295,17790
3295,17791
3295,17792
3295,17793
3295,17794
3295,17795
3295,17796
3295,17797
3295,17798
3295,17799
3295,17800
3295,17801
3295,17802
3295,17803
3295,17804
3295,17805
3295,17806
3295,17807
3295,17808
3295,17809
3295,17810
3295,17811
3295,17812
3295,17813
3295,17814
3295,17815
3295,17816
3295,17817
3295,17818
3295,17819
3295,17820
3295,17821
3295,17822
3295,17823
3295,17824
3295,17825
3295,17826
3295,17827
3295,17828
3295,17829
3295,17830
3295,17831
3295,17832
3295,17833
3295,17834
3295,17835
3295,17836
3295,17837
3295,17838
3295,17839
3295,17840
3295,17841
3295,17842
3295,17843
3295,17844
3295,17845
3295,17846
3295,17847
3295,17848
3295,17849
3295,17850
3295,17851
3295,17852
3295,17853
3295,17854
3295,17855
3295,17856
3295,17857
3295,17858
3295,17859
3295,17860
3295,17861
3295,17862
3295,17863
3295,17864
3295,17865
3295,17866
3295,17867
3295,17868
3295,17869
3295,17870
3296,17734
3296,17735
3296,17736
3296,17737
3296,17738
3296,17739
3296,17740
3296,17741
3296,17742
3296,17743
3296,17744
3296,17745
3296,17746
3296,17747
3296,17748
3296,17749
3296,17750
3296,17751
3296,17752
3296,17753
3296,17754
3296,17755
3296,17756
3296,17757
3296,17758
3296,17759
3296,17760
3296,17761
3296,17762
3296,17763
3296,17764
3296,17765
3296,17766
3296,17767
3296,17768
3296,17769
3296,17770
3296,17771
3296,17772
3296,17773
3296,17774
3296,17775
3296,17776
3296,17777
3296,17778
3296,17779
3296,17780
3296,17781
3296,17782
3296,17783
3296,17784
3296,17785
3296,17786
3296,17787
3296,17788
3296,17789
3296,17790
3296,17791
3296,17792
3296,17793
3296,17794
3296,17795
3296,17796
3296,17797
3296,17798
3296,17799
3296,17800
3296,17801
3296,17802
3296,17803
3296,17804
3296,17805
3296,17806
3296,17807
3296,17808
3296,17809
3296,17810
3296,17811
3296,17812
3296,17813
3296,17814
3296,17815
3296,17816
3296,17817
3296,17818
3296,17819
3296,17820
3296,17821
3296,17822
3296,17823
3296,17824
3296,17825
3296,17826
3296,17827
3296,17828
3296,17829
3296,17830
3296,17831
3296,17832
3296,17833
3296,17834
3296,17835
3296,17836
3296,17837
3296,17838
3296,17839
3296,17840
3296,17841
3296,17842
3296,17843
3296,17844
3296,17845
3296,17846
3296,17847
3296,17848
3296,17849
3296,17850
3296,17851
3296,17852
3296,17853
3296,17854
3296,17855
3296,17856
3296,17857
3296,17858
3296,17859
3296,17860
3296,17861
3296,17862
3296,17863
3296,17864
3296,17865
3296,17866
3296,17867
3296,17868
3296,17869
3296,17870
3296,17871
3297,17734
3297,17735
3297,17736
3297,17737
3297,17738
3297,17739
3297,17740
3297,17741
3297,17742
3297,17743
3297,17744
3297,17745
3297,17746
3297,17747
3297,17748
3297,17749
3297,17750
3297,17751
3297,17752
3297,17753
3297,17754
3297,17755
3297,17756
3297,17757
3297,17758
3297,17759
3297,17760
3297,17761
3297,17762
3297,17763
3297,17764
3297,17765
3297,17766
3297,17767
3297,17768
3297,17769
3297,17770
3297,17771
3297,17772
3297,17773
3297,17774
3297,17775
3297,17776
3297,17777
3297,17778
3297,17779
3297,17780
3297,17781
3297,17782
3297,17783
3297,17784
3297,17785
3297,17786
3297,17787
3297,17788
3297,17789
3297,17790
3297,17791
3297,17792
3297,17793
3297,17794
3297,17795
3297,17796
3297,17797
3297,17798
3297,17799
3297,17800
3297,17801
3297,17802
3297,17803
3297,17804
3297,17805
3297,17806
3297,17807
3297,17808
3297,17809
3297,17810
3297,17811
3297,17812
3297,17813
3297,17814
3297,17815
3297,17816
3297,17817
3297,17818
3297,17819
3297,17820
3297,17821
3297,17822
3297,17823
3297,17824
3297,17825
3297,17826
3297,17827
3297,17828
3297,17829
3297,17830
3297,17831
3297,17832
3297,17833
3297,17834
3297,17835
3297,17836
3297,17837
3297,17838
3297,17839
3297,17840
3297,17841
3297,17842
3297,17843
3297,17844
3297,17845
3297,17846
3297,17847
3297,17848
3297,17849
3297,17850
3297,17851
3297,17852
3297,17853
3297,17854
3297,17855
3297,17856
3297,17857
3297,17858
3297,17859
3297,17860
3297,17861
3297,17862
3297,17863
3297,17864
3297,17865
3297,17866
3297,17867
3297,17868
3297,17869
3297,17870
3298,17734
3298,17735
3298,17736
3298,17737
3298,17738
3298,17739
3298,17740
3298,17741
3298,17742
3298,17743
3298,17744
3298,17745
3298,17746
3298,17747
3298,17748
3298,17749
3298,17750
3298,17751
3298,17752
3298,17753
3298,17754
3298,17755
3298,17756
3298,17757
3298,17758
3298,17759
3298,17760
3298,17761
3298,17762
3298,17763
3298,17764
3298,17765
3298,17766
3298,17767
3298,17768
3298,17769
3298,17770
3298,17771
3298,17772
3298,17773
3298,17774
3298,17775
3298,17776
3298,17777
3298,17778
3298,17779
3298,17780
3298,17781
3298,17782
3298,17783
3298,17784
3298,17785
3298,17786
3298,17787
3298,17788
3298,17789
3298,17790
3298,17791
3298,17792
3298,17793
3298,17794
3298,17795
3298,17796
3298,17797
3298,17798
3298,17799
3298,17800
3298,17801
3298,17802
3298,17803
3298,17804
3298,17805
3298,17806
3298,17807
3298,17808
3298,17809
3298,17810
3298,17811
3298,17812
3298,17813
3298,17814
3298,17815
3298,17816
3298,17817
3298,17818
3298,17819
3298,17820
3298,17821
3298,17822
3298,17823
3298,17824
3298,17825
3298,17826
3298,17827
3298,17828
3298,17829
3298,17830
3298,17831
3298,17832
3298,17833
3298,17834
3298,17835
3298,17836
3298,17837
3298,17838
3298,17839
3298,17840
3298,17841
3298,17842
3298,17843
3298,17844
3298,17845
3298,17846
3298,17847
3298,17848
3298,17849
3298,17850
3298,17851
3298,17852
3298,17853
3298,17854
3298,17855
3298,17856
3298,17857
3298,17858
3298,17859
3298,17860
3298,17861
3298,17862
3298,17863
3298,17864
3298,17865
3298,17866
3298,17867
3298,17868
3298,17869
3298,17870
3299,17734
3299,17735
3299,17736
3299,17737
3299,17738
3299,17739
3299,17740
3299,17741
3299,17742
3299,17743
3299,17744
3299,17745
3299,17746
3299,17747
3299,17748
3299,17749
3299,17750
3299,17751
3299,17752
3299,17753
3299,17754
3299,17755
3299,17756
3299,17757
3299,17758
3299,17759
3299,17760
3299,17761
3299,17762
3299,17763
3299,17764
3299,17765
3299,17766
3299,17767
3299,17768
3299,17769
3299,17770
3299,17771
3299,17772
3299,17773
3299,17774
3299,17775
3299,17776
3299,17777
3299,17778
3299,17779
3299,17780
3299,17781
3299,17782
3299,17783
3299,17784
3299,17785
3299,17786
3299,17787
3299,17788
3299,17789
3299,17790
3299,17791
3299,17792
3299,17793
3299,17794
3299,17795
3299,17796
3299,17797
3299,17798
3299,17799
3299,17800
3299,17801
3299,17802
3299,17803
3299,17804
3299,17805
3299,17806
3299,17807
3299,17808
3299,17809
3299,17810
3299,17811
3299,17812
3299,17813
3299,17814
3299,17815
3299,17816
3299,17817
3299,17818
3299,17819
3299,17820
3299,17821
3299,17822
3299,17823
3299,17824
3299,17825
3299,17826
3299,17827
3299,17828
3299,17829
3299,17830
3299,17831
3299,17832
3299,17833
3299,17834
3299,17835
3299,17836
3299,17837
3299,17838
3299,17839
3299,17840
3299,17841
3299,17842
3299,17843
3299,17844
3299,17845
3299,17846
3299,17847
3299,17848
3299,17849
3299,17850
3299,17851
3299,17852
3299,17853
3299,17854
3299,17855
3299,17856
3299,17857
3299,17858
3299,17859
3299,17860
3299,17861
3299,17862
3299,17863
3299,17864
3299,17865
3299,17866
3299,17867
3299,17868
3299,17869
3299,17870
3299,17871
3300,17733
3300,17734
3300,17735
3300,17736
3300,17737
3300,17738
3300,17739
3300,17740
3300,17741
3300,17742
3300,17743
3300,17744
3300,17745
3300,17746
3300,17747
3300,17748
3300,17749
3300,17750
3300,17751
3300,17752
3300,17753
3300,17754
3300,17755
3300,17756
3300,17757
3300,17758
3300,17759
3300,17760
3300,17761
3300,17762
3300,17763
3300,17764
3300,17765
3300,17766
3300,17767
3300,17768
3300,17769
3300,17770
3300,17771
3300,17772
3300,17773
3300,17774
3300,17775
3300,17776
3300,17777
3300,17778
3300,17779
3300,17780
3300,17781
3300,17782
3300,17783
3300,17784
3300,17785
3300,17786
3300,17787
3300,17788
3300,17789
3300,17790
3300,17791
3300,17792
3300,17793
3300,17794
3300,17795
3300,17796
3300,17797
3300,17798
3300,17799
3300,17800
3300,17801
3300,17802
3300,17803
3300,17804
3300,17805
3300,17806
3300,17807
3300,17808
3300,17809
3300,17810
3300,17811
3300,17812
3300,17813
3300,17814
3300,17815
3300,17816
3300,17817
3300,17818
3300,17819
3300,17820
3300,17821
3300,17822
3300,17823
3300,17824
3300,17825
3300,17826
3300,17827
3300,17828
3300,17829
3300,17830
3300,17831
3300,17832
3300,17833
3300,17834
3300,17835
3300,17836
3300,17837
3300,17838
3300,17839
3300,17840
3300,17841
3300,17842
3300,17843
3300,17844
3300,17845
3300,17846
3300,17847
3300,17848
3300,17849
3300,17850
3300,17851
3300,17852
3300,17853
3300,17854
3300,17855
3300,17856
3300,17857
3300,17858
3300,17859
3300,17860
3300,17861
3300,17862
3300,17863
3300,17864
3300,17865
3300,17866
3300,17867
3300,17868
3300,17869
3300,17870
3300,17871
3301,17733
3301,17734
3301,17735
3301,17736
3301,17737
3301,17738
3301,17739
3301,17740
3301,17741
3301,17742
3301,17743
3301,17744
3301,17745
3301,17746
3301,17747
3301,17748
3301,17749
3301,17750
3301,17751
3301,17752
3301,17753
3301,17754
3301,17755
3301,17756
3301,17757
3301,17758
3301,17759
3301,17760
3301,17761
3301,17762
3301,17763
3301,17764
3301,17765
3301,17766
3301,17767
3301,17768
3301,17769
3301,17770
3301,17771
3301,17772
3301,17773
3301,17774
3301,17775
3301,17776
3301,17777
3301,17778
3301,17779
3301,17780
3301,17781
3301,17782
3301,17783
3301,17784
3301,17785
3301,17786
3301,17787
3301,17788
3301,17789
3301,17790
3301,17791
3301,17792
3301,17793
3301,17794
3301,17795
3301,17796
3301,17797
3301,17798
3301,17799
3301,17800
3301,17801
3301,17802
3301,17803
3301,17804
3301,17805
3301,17806
3301,17807
3301,17808
3301,17809
3301,17810
3301,17811
3301,17812
3301,17813
3301,17814
3301,17815
3301,17816
3301,17817
3301,17818
3301,17819
3301,17820
3301,17821
3301,17822
3301,17823
3301,17824
3301,17825
3301,17826
3301,17827
3301,17828
3301,17829
3301,17830
3301,17831
3301,17832
3301,17833
3301,17834
3301,17835
3301,17836
3301,17837
3301,17838
3301,17839
3301,17840
3301,17841
3301,17842
3301,17843
3301,17844
3301,17845
3301,17846
3301,17847
3301,17848
3301,17849
3301,17850
3301,17851
3301,17852
3301,17853
3301,17854
3301,17855
3301,17856
3301,17857
3301,17858
3301,17859
3301,17860
3301,17861
3301,17862
3301,17863
3301,17864
3301,17865
3301,17866
3301,17867
3301,17868
3301,17869
3301,17870
3301,17871
3302,17733
3302,17734
3302,17735
3302,17736
3302,17737
3302,17738
3302,17739
3302,17740
3302,17741
3302,17742
3302,17743
3302,17744
3302,17745
3302,17746
3302,17747
3302,17748
3302,17749
3302,17750
3302,17751
3302,17752
3302,17753
3302,17754
3302,17755
3302,17756
3302,17757
3302,17758
3302,17759
3302,17760
3302,17761
3302,17762
3302,17763
3302,17764
3302,17765
3302,17766
3302,17767
3302,17768
3302,17769
3302,17770
3302,17771
3302,17772
3302,17773
3302,17774
3302,17775
3302,17776
3302,17777
3302,17778
3302,17779
3302,17780
3302,17781
3302,17782
3302,17783
3302,17784
3302,17785
3302,17786
3302,17787
3302,17788
3302,17789
3302,17790
3302,17791
3302,17792
3302,17793
3302,17794
3302,17795
3302,17796
3302,17797
3302,17798
3302,17799
3302,17800
3302,17801
3302,17802
3302,17803
3302,17804
3302,17805
3302,17806
3302,17807
3302,17808
3302,17809
3302,17810
3302,17811
3302,17812
3302,17813
3302,17814
3302,17815
3302,17816
3302,17817
3302,17818
3302,17819
3302,17820
3302,17821
3302,17822
3302,17823
3302,17824
3302,17825
3302,17826
3302,17827
3302,17828
3302,17829
3302,17830
3302,17831
3302,17832
3302,17833
3302,17834
3302,17835
3302,17836
3302,17837
3302,17838
3302,17839
3302,17840
3302,17841
3302,17842
3302,17843
3302,17844
3302,17845
3302,17846
3302,17847
3302,17848
3302,17849
3302,17850
3302,17851
3302,17852
3302,17853
3302,17854
3302,17855
3302,17856
3302,17857
3302,17858
3302,17859
3302,17860
3302,17861
3302,17862
3302,17863
3302,17864
3302,17865
3302,17866
3302,17867
3302,17868
3302,17869
3302,17870
3302,17871
3302,17872
3303,17732
3303,17733
3303,17734
3303,17735
3303,17736
3303,17737
3303,17738
3303,17739
3303,17740
3303,17741
3303,17742
3303,17743
3303,17744
3303,17745
3303,17746
3303,17747
3303,17748
3303,17749
3303,17750
3303,17751
3303,17752
3303,17753
3303,17754
3303,17755
3303,17756
3303,17757
3303,17758
3303,17759
3303,17760
3303,17761
3303,17762
3303,17763
3303,17764
3303,17765
3303,17766
3303,17767
3303,17768
3303,17769
3303,17770
3303,17771
3303,17772
3303,17773
3303,17774
3303,17775
3303,17776
3303,17777
3303,17778
3303,17779
3303,17780
3303,17781
3303,17782
3303,17783
3303,17784
3303,17785
3303,17786
3303,17787
3303,17788
3303,17789
3303,17790
3303,17791
3303,17792
3303,17793
3303,17794
3303,17795
3303,17796
3303,17797
3303,17798
3303,17799
3303,17800
3303,17801
3303,17802
3303,17803
3303,17804
3303,17805
3303,17806
3303,17807
3303,17808
3303,17809
3303,17810
3303,17811
3303,17812
3303,17813
3303,17814
3303,17815
3303,17816
3303,17817
3303,17818
3303,17819
3303,17820
3303,17821
3303,17822
3303,17823
3303,17824
3303,17825
3303,17826
3303,17827
3303,17828
3303,17829
3303,17830
3303,17831
3303,17832
3303,17833
3303,17834
3303,17835
3303,17836
3303,17837
3303,17838
3303,17839
3303,17840
3303,17841
3303,17842
3303,17843
3303,17844
3303,17845
3303,17846
3303,17847
3303,17848
3303,17849
3303,17850
3303,17851
3303,17852
3303,17853
3303,17854
3303,17855
3303,17856
3303,17857
3303,17858
3303,17859
3303,17860
3303,17861
3303,17862
3303,17863
3303,17864
3303,17865
3303,17866
3303,17867
3303,17868
3303,17869
3303,17870
3303,17871
3303,17872
3304,17732
3304,17733
3304,17734
3304,17735
3304,17736
3304,17737
3304,17738
3304,17739
3304,17740
3304,17741
3304,17742
3304,17743
3304,17744
3304,17745
3304,17746
3304,17747
3304,17748
3304,17749
3304,17750
3304,17751
3304,17752
3304,17753
3304,17754
3304,17755
3304,17756
3304,17757
3304,17758
3304,17759
3304,17760
3304,17761
3304,17762
3304,17763
3304,17764
3304,17765
3304,17766
3304,17767
3304,17768
3304,17769
3304,17770
3304,17771
3304,17772
3304,17773
3304,17774
3304,17775
3304,17776
3304,17777
3304,17778
3304,17779
3304,17780
3304,17781
3304,17782
3304,17783
3304,17784
3304,17785
3304,17786
3304,17787
3304,17788
3304,17789
3304,17790
3304,17791
3304,17792
3304,17793
3304,17794
3304,17795
3304,17796
3304,17797
3304,17798
3304,17799
3304,17800
3304,17801
3304,17802
3304,17803
3304,17804
3304,17805
3304,17806
3304,17807
3304,17808
3304,17809
3304,17810
3304,17811
3304,17812
3304,17813
3304,17814
3304,17815
3304,17816
3304,17817
3304,17818
3304,17819
3304,17820
3304,17821
3304,17822
3304,17823
3304,17824
3304,17825
3304,17826
3304,17827
3304,17828
3304,17829
3304,17830
3304,17831
3304,17832
3304,17833
3304,17834
3304,17835
3304,17836
3304,17837
3304,17838
3304,17839
3304,17840
3304,17841
3304,17842
3304,17843
3304,17844
3304,17845
3304,17846
3304,17847
3304,17848
3304,17849
3304,17850
3304,17851
3304,17852
3304,17853
3304,17854
3304,17855
3304,17856
3304,17857
3304,17858
3304,17859
3304,17860
3304,17861
3304,17862
3304,17863
3304,17864
3304,17865
3304,17866
3304,17867
3304,17868
3304,17869
3304,17870
3304,17871
3304,17872
3305,17732
3305,17733
3305,17734
3305,17735
3305,17736
3305,17737
3305,17738
3305,17739
3305,17740
3305,17741
3305,17742
3305,17743
3305,17744
3305,17745
3305,17746
3305,17747
3305,17748
3305,17749
3305,17750
3305,17751
3305,17752
3305,17753
3305,17754
3305,17755
3305,17756
3305,17757
3305,17758
3305,17759
3305,17760
3305,17761
3305,17762
3305,17763
3305,17764
3305,17765
3305,17766
3305,17767
3305,17768
3305,17769
3305,17770
3305,17771
3305,17772
3305,17773
3305,17774
3305,17775
3305,17776
3305,17777
3305,17778
3305,17779
3305,17780
3305,17781
3305,17782
3305,17783
3305,17784
3305,17785
3305,17786
3305,17787
3305,17788
3305,17789
3305,17790
3305,17791
3305,17792
3305,17793
3305,17794
3305,17795
3305,17796
3305,17797
3305,17798
3305,17799
3305,17800
3305,17801
3305,17802
3305,17803
3305,17804
3305,17805
3305,17806
3305,17807
3305,17808
3305,17809
3305,17810
3305,17811
3305,17812
3305,17813
3305,17814
3305,17815
3305,17816
3305,17817
3305,17818
3305,17819
3305,17820
3305,17821
3305,17822
3305,17823
3305,17824
3305,17825
3305,17826
3305,17827
3305,17828
3305,17829
3305,17830
3305,17831
3305,17832
3305,17833
3305,17834
3305,17835
3305,17836
3305,17837
3305,17838
3305,17839
3305,17840
3305,17841
3305,17842
3305,17843
3305,17844
3305,17845
3305,17846
3305,17847
3305,17848
3305,17849
3305,17850
3305,17851
3305,17852
3305,17853
3305,17854
3305,17855
3305,17856
3305,17857
3305,17858
3305,17859
3305,17860
3305,17861
3305,17862
3305,17863
3305,17864
3305,17865
3305,17866
3305,17867
3305,17868
3305,17869
3305,17870
3305,17871
3305,17872
3305,17873
3306,17732
3306,17733
3306,17734
3306,17735
3306,17736
3306,17737
3306,17738
3306,17739
3306,17740
3306,17741
3306,17742
3306,17743
3306,17744
3306,17745
3306,17746
3306,17747
3306,17748
3306,17749
3306,17750
3306,17751
3306,17752
3306,17753
3306,17754
3306,17755
3306,17756
3306,17757
3306,17758
3306,17759
3306,17760
3306,17761
3306,17762
3306,17763
3306,17764
3306,17765
3306,17766
3306,17767
3306,17768
3306,17769
3306,17770
3306,17771
3306,17772
3306,17773
3306,17774
3306,17775
3306,17776
3306,17777
3306,17778
3306,17779
3306,17780
3306,17781
3306,17782
3306,17783
3306,17784
3306,17785
3306,17786
3306,17787
3306,17788
3306,17789
3306,17790
3306,17791
3306,17792
3306,17793
3306,17794
3306,17795
3306,17796
3306,17797
3306,17798
3306,17799
3306,17800
3306,17801
3306,17802
3306,17803
3306,17804
3306,17805
3306,17806
3306,17807
3306,17808
3306,17809
3306,17810
3306,17811
3306,17812
3306,17813
3306,17814
3306,17815
3306,17816
3306,17817
3306,17818
3306,17819
3306,17820
3306,17821
3306,17822
3306,17823
3306,17824
3306,17825
3306,17826
3306,17827
3306,17828
3306,17829
3306,17830
3306,17831
3306,17832
3306,17833
3306,17834
3306,17835
3306,17836
3306,17837
3306,17838
3306,17839
3306,17840
3306,17841
3306,17842
3306,17843
3306,17844
3306,17845
3306,17846
3306,17847
3306,17848
3306,17849
3306,17850
3306,17851
3306,17852
3306,17853
3306,17854
3306,17855
3306,17856
3306,17857
3306,17858
3306,17859
3306,17860
3306,17861
3306,17862
3306,17863
3306,17864
3306,17865
3306,17866
3306,17867
3306,17868
3306,17869
3306,17870
3306,17871
3306,17872
3307,17732
3307,17733
3307,17734
3307,17735
3307,17736
3307,17737
3307,17738
3307,17739
3307,17740
3307,17741
3307,17742
3307,17743
3307,17744
3307,17745
3307,17746
3307,17747
3307,17748
3307,17749
3307,17750
3307,17751
3307,17752
3307,17753
3307,17754
3307,17755
3307,17756
3307,17757
3307,17758
3307,17759
3307,17760
3307,17761
3307,17762
3307,17763
3307,17764
3307,17765
3307,17766
3307,17767
3307,17768
3307,17769
3307,17770
3307,17771
3307,17772
3307,17773
3307,17774
3307,17775
3307,17776
3307,17777
3307,17778
3307,17779
3307,17780
3307,17781
3307,17782
3307,17783
3307,17784
3307,17785
3307,17786
3307,17787
3307,17788
3307,17789
3307,17790
3307,17791
3307,17792
3307,17793
3307,17794
3307,17795
3307,17796
3307,17797
3307,17798
3307,17799
3307,17800
3307,17801
3307,17802
3307,17803
3307,17804
3307,17805
3307,17806
3307,17807
3307,17808
3307,17809
3307,17810
3307,17811
3307,17812
3307,17813
3307,17814
3307,17815
3307,17816
3307,17817
3307,17818
3307,17819
3307,17820
3307,17821
3307,17822
3307,17823
3307,17824
3307,17825
3307,17826
3307,17827
3307,17828
3307,17829
3307,17830
3307,17831
3307,17832
3307,17833
3307,17834
3307,17835
3307,17836
3307,17837
3307,17838
3307,17839
3307,17840
3307,17841
3307,17842
3307,17843
3307,17844
3307,17845
3307,17846
3307,17847
3307,17848
3307,17849
3307,17850
3307,17851
3307,17852
3307,17853
3307,17854
3307,17855
3307,17856
3307,17857
3307,17858
3307,17859
3307,17860
3307,17861
3307,17862
3307,17863
3307,17864
3307,17865
3307,17866
3307,17867
3307,17868
3307,17869
3307,17870
3307,17871
3307,17872
3308,17731
3308,17732
3308,17733
3308,17734
3308,17735
3308,17736
3308,17737
3308,17738
3308,17739
3308,17740
3308,17741
3308,17742
3308,17743
3308,17744
3308,17745
3308,17746
3308,17747
3308,17748
3308,17749
3308,17750
3308,17751
3308,17752
3308,17753
3308,17754
3308,17755
3308,17756
3308,17757
3308,17758
3308,17759
3308,17760
3308,17761
3308,17762
3308,17763
3308,17764
3308,17765
3308,17766
3308,17767
3308,17768
3308,17769
3308,17770
3308,17771
3308,17772
3308,17773
3308,17774
3308,17775
3308,17776
3308,17777
3308,17778
3308,17779
3308,17780
3308,17781
3308,17782
3308,17783
3308,17784
3308,17785
3308,17786
3308,17787
3308,17788
3308,17789
3308,17790
3308,17791
3308,17792
3308,17793
3308,17794
3308,17795
3308,17796
3308,17797
3308,17798
3308,17799
3308,17800
3308,17801
3308,17802
3308,17803
3308,17804
3308,17805
3308,17806
3308,17807
3308,17808
3308,17809
3308,17810
3308,17811
3308,17812
3308,17813
3308,17814
3308,17815
3308,17816
3308,17817
3308,17818
3308,17819
3308,17820
3308,17821
3308,17822
3308,17823
3308,17824
3308,17825
3308,17826
3308,17827
3308,17828
3308,17829
3308,17830
3308,17831
3308,17832
3308,17833
3308,17834
3308,17835
3308,17836
3308,17837
3308,17838
3308,17839
3308,17840
3308,17841
3308,17842
3308,17843
3308,17844
3308,17845
3308,17846
3308,17847
3308,17848
3308,17849
3308,17850
3308,17851
3308,17852
3308,17853
3308,17854
3308,17855
3308,17856
3308,17857
3308,17858
3308,17859
3308,17860
3308,17861
3308,17862
3308,17863
3308,17864
3308,17865
3308,17866
3308,17867
3308,17868
3308,17869
3308,17870
3308,17871
3308,17872
3309,17732
3309,17733
3309,17734
3309,17735
3309,17736
3309,17737
3309,17738
3309,17739
3309,17740
3309,17741
3309,17742
3309,17743
3309,17744
3309,17745
3309,17746
3309,17747
3309,17748
3309,17749
3309,17750
3309,17751
3309,17752
3309,17753
3309,17754
3309,17755
3309,17756
3309,17757
3309,17758
3309,17759
3309,17760
3309,17761
3309,17762
3309,17763
3309,17764
3309,17765
3309,17766
3309,17767
3309,17768
3309,17769
3309,17770
3309,17771
3309,17772
3309,17773
3309,17774
3309,17775
3309,17776
3309,17777
3309,17778
3309,17779
3309,17780
3309,17781
3309,17782
3309,17783
3309,17784
3309,17785
3309,17786
3309,17787
3309,17788
3309,17789
3309,17790
3309,17791
3309,17792
3309,17793
3309,17794
3309,17795
3309,17796
3309,17797
3309,17798
3309,17799
3309,17800
3309,17801
3309,17802
3309,17803
3309,17804
3309,17805
3309,17806
3309,17807
3309,17808
3309,17809
3309,17810
3309,17811
3309,17812
3309,17813
3309,17814
3309,17815
3309,17816
3309,17817
3309,17818
3309,17819
3309,17820
3309,17821
3309,17822
3309,17823
3309,17824
3309,17825
3309,17826
3309,17827
3309,17828
3309,17829
3309,17830
3309,17831
3309,17832
3309,17833
3309,17834
3309,17835
3309,17836
3309,17837
3309,17838
3309,17839
3309,17840
3309,17841
3309,17842
3309,17843
3309,17844
3309,17845
3309,17846
3309,17847
3309,17848
3309,17849
3309,17850
3309,17851
3309,17852
3309,17853
3309,17854
3309,17855
3309,17856
3309,17857
3309,17858
3309,17859
3309,17860
3309,17861
3309,17862
3309,17863
3309,17864
3309,17865
3309,17866
3309,17867
3309,17868
3309,17869
3309,17870
3309,17871
3310,17732
3310,17733
3310,17734
3310,17735
3310,17736
3310,17737
3310,17738
3310,17739
3310,17740
3310,17741
3310,17742
3310,17743
3310,17744
3310,17745
3310,17746
3310,17747
3310,17748
3310,17749
3310,17750
3310,17751
3310,17752
3310,17753
3310,17754
3310,17755
3310,17756
3310,17757
3310,17758
3310,17759
3310,17760
3310,17761
3310,17762
3310,17763
3310,17764
3310,17765
3310,17766
3310,17767
3310,17768
3310,17769
3310,17770
3310,17771
3310,17772
3310,17773
3310,17774
3310,17775
3310,17776
3310,17777
3310,17778
3310,17779
3310,17780
3310,17781
3310,17782
3310,17783
3310,17784
3310,17785
3310,17786
3310,17787
3310,17788
3310,17789
3310,17790
3310,17791
3310,17792
3310,17793
3310,17794
3310,17795
3310,17796
3310,17797
3310,17798
3310,17799
3310,17800
3310,17801
3310,17802
3310,17803
3310,17804
3310,17805
3310,17806
3310,17807
3310,17808
3310,17809
3310,17810
3310,17811
3310,17812
3310,17813
3310,17814
3310,17815
3310,17816
3310,17817
3310,17818
3310,17819
3310,17820
3310,17821
3310,17822
3310,17823
3310,17824
3310,17825
3310,17826
3310,17827
3310,17828
3310,17829
3310,17830
3310,17831
3310,17832
3310,17833
3310,17834
3310,17835
3310,17836
3310,17837
3310,17838
3310,17839
3310,17840
3310,17841
3310,17842
3310,17843
3310,17844
3310,17845
3310,17846
3310,17847
3310,17848
3310,17849
3310,17850
3310,17851
3310,17852
3310,17853
3310,17854
3310,17855
3310,17856
3310,17857
3310,17858
3310,17859
3310,17860
3310,17861
3310,17862
3310,17863
3310,17864
3310,17865
3310,17866
3310,17867
3310,17868
3310,17869
3310,17870
3310,17871
3311,17731
3311,17732
3311,17733
3311,17734
3311,17735
3311,17736
3311,17737
3311,17738
3311,17739
3311,17740
3311,17741
3311,17742
3311,17743
3311,17744
3311,17745
3311,17746
3311,17747
3311,17748
3311,17749
3311,17750
3311,17751
3311,17752
3311,17753
3311,17754
3311,17755
3311,17756
3311,17757
3311,17758
3311,17759
3311,17760
3311,17761
3311,17762
3311,17763
3311,17764
3311,17765
3311,17766
3311,17767
3311,17768
3311,17769
3311,17770
3311,17771
3311,17772
3311,17773
3311,17774
3311,17775
3311,17776
3311,17777
3311,17778
3311,17779
3311,17780
3311,17781
3311,17782
3311,17783
3311,17784
3311,17785
3311,17786
3311,17787
3311,17788
3311,17789
3311,17790
3311,17791
3311,17792
3311,17793
3311,17794
3311,17795
3311,17796
3311,17797
3311,17798
3311,17799
3311,17800
3311,17801
3311,17802
3311,17803
3311,17804
3311,17805
3311,17806
3311,17807
3311,17808
3311,17809
3311,17810
3311,17811
3311,17812
3311,17813
3311,17814
3311,17815
3311,17816
3311,17817
3311,17818
3311,17819
3311,17820
3311,17821
3311,17822
3311,17823
3311,17824
3311,17825
3311,17826
3311,17827
3311,17828
3311,17829
3311,17830
3311,17831
3311,17832
3311,17833
3311,17834
3311,17835
3311,17836
3311,17837
3311,17838
3311,17839
3311,17840
3311,17841
3311,17842
3311,17843
3311,17844
3311,17845
3311,17846
3311,17847
3311,17848
3311,17849
3311,17850
3311,17851
3311,17852
3311,17853
3311,17854
3311,17855
3311,17856
3311,17857
3311,17858
3311,17859
3311,17860
3311,17861
3311,17862
3311,17863
3311,17864
3311,17865
3311,17866
3311,17867
3311,17868
3311,17869
3311,17870
3311,17871
3312,17732
3312,17733
3312,17734
3312,17735
3312,17736
3312,17737
3312,17738
3312,17739
3312,17740
3312,17741
3312,17742
3312,17743
3312,17744
3312,17745
3312,17746
3312,17747
3312,17748
3312,17749
3312,17750
3312,17751
3312,17752
3312,17753
3312,17754
3312,17755
3312,17756
3312,17757
3312,17758
3312,17759
3312,17760
3312,17761
3312,17762
3312,17763
3312,17764
3312,17765
3312,17766
3312,17767
3312,17768
3312,17769
3312,17770
3312,17771
3312,17772
3312,17773
3312,17774
3312,17775
3312,17776
3312,17777
3312,17778
3312,17779
3312,17780
3312,17781
3312,17782
3312,17783
3312,17784
3312,17785
3312,17786
3312,17787
3312,17788
3312,17789
3312,17790
3312,17791
3312,17792
3312,17793
3312,17794
3312,17795
3312,17796
3312,17797
3312,17798
3312,17799
3312,17800
3312,17801
3312,17802
3312,17803
3312,17804
3312,17805
3312,17806
3312,17807
3312,17808
3312,17809
3312,17810
3312,17811
3312,17812
3312,17813
3312,17814
3312,17815
3312,17816
3312,17817
3312,17818
3312,17819
3312,17820
3312,17821
3312,17822
3312,17823
3312,17824
3312,17825
3312,17826
3312,17827
3312,17828
3312,17829
3312,17830
3312,17831
3312,17832
3312,17833
3312,17834
3312,17835
3312,17836
3312,17837
3312,17838
3312,17839
3312,17840
3312,17841
3312,17842
3312,17843
3312,17844
3312,17845
3312,17846
3312,17847
3312,17848
3312,17849
3312,17850
3312,17851
3312,17852
3312,17853
3312,17854
3312,17855
3312,17856
3312,17857
3312,17858
3312,17859
3312,17860
3312,17861
3312,17862
3312,17863
3312,17864
3312,17865
3312,17866
3312,17867
3312,17868
3312,17869
3312,17870
3312,17871
3313,17732
3313,17733
3313,17734
3313,17735
3313,17736
3313,17737
3313,17738
3313,17739
3313,17740
3313,17741
3313,17742
3313,17743
3313,17744
3313,17745
3313,17746
3313,17747
3313,17748
3313,17749
3313,17750
3313,17751
3313,17752
3313,17753
3313,17754
3313,17755
3313,17756
3313,17757
3313,17758
3313,17759
3313,17760
3313,17761
3313,17762
3313,17763
3313,17764
3313,17765
3313,17766
3313,17767
3313,17768
3313,17769
3313,17770
3313,17771
3313,17772
3313,17773
3313,17774
3313,17775
3313,17776
3313,17777
3313,17778
3313,17779
3313,17780
3313,17781
3313,17782
3313,17783
3313,17784
3313,17785
3313,17786
3313,17787
3313,17788
3313,17789
3313,17790
3313,17791
3313,17792
3313,17793
3313,17794
3313,17795
3313,17796
3313,17797
3313,17798
3313,17799
3313,17800
3313,17801
3313,17802
3313,17803
3313,17804
3313,17805
3313,17806
3313,17807
3313,17808
3313,17809
3313,17810
3313,17811
3313,17812
3313,17813
3313,17814
3313,17815
3313,17816
3313,17817
3313,17818
3313,17819
3313,17820
3313,17821
3313,17822
3313,17823
3313,17824
3313,17825
3313,17826
3313,17827
3313,17828
3313,17829
3313,17830
3313,17831
3313,17832
3313,17833
3313,17834
3313,17835
3313,17836
3313,17837
3313,17838
3313,17839
3313,17840
3313,17841
3313,17842
3313,17843
3313,17844
3313,17845
3313,17846
3313,17847
3313,17848
3313,17849
3313,17850
3313,17851
3313,17852
3313,17853
3313,17854
3313,17855
3313,17856
3313,17857
3313,17858
3313,17859
3313,17860
3313,17861
3313,17862
3313,17863
3313,17864
3313,17865
3313,17866
3313,17867
3313,17868
3313,17869
3313,17870
3314,17732
3314,17733
3314,17734
3314,17735
3314,17736
3314,17737
3314,17738
3314,17739
3314,17740
3314,17741
3314,17742
3314,17743
3314,17744
3314,17745
3314,17746
3314,17747
3314,17748
3314,17749
3314,17750
3314,17751
3314,17752
3314,17753
3314,17754
3314,17755
3314,17756
3314,17757
3314,17758
3314,17759
3314,17760
3314,17761
3314,17762
3314,17763
3314,17764
3314,17765
3314,17766
3314,17767
3314,17768
3314,17769
3314,17770
3314,17771
3314,17772
3314,17773
3314,17774
3314,17775
3314,17776
3314,17777
3314,17778
3314,17779
3314,17780
3314,17781
3314,17782
3314,17783
3314,17784
3314,17785
3314,17786
3314,17787
3314,17788
3314,17789
3314,17790
3314,17791
3314,17792
3314,17793
3314,17794
3314,17795
3314,17796
3314,17797
3314,17798
3314,17799
3314,17800
3314,17801
3314,17802
3314,17803
3314,17804
3314,17805
3314,17806
3314,17807
3314,17808
3314,17809
3314,17810
3314,17811
3314,17812
3314,17813
3314,17814
3314,17815
3314,17816
3314,17817
3314,17818
3314,17819
3314,17820
3314,17821
3314,17822
3314,17823
3314,17824
3314,17825
3314,17826
3314,17827
3314,17828
3314,17829
3314,17830
3314,17831
3314,17832
3314,17833
3314,17834
3314,17835
3314,17836
3314,17837
3314,17838
3314,17839
3314,17840
3314,17841
3314,17842
3314,17843
3314,17844
3314,17845
3314,17846
3314,17847
3314,17848
3314,17849
3314,17850
3314,17851
3314,17852
3314,17853
3314,17854
3314,17855
3314,17856
3314,17857
3314,17858
3314,17859
3314,17860
3314,17861
3314,17862
3314,17863
3314,17864
3314,17865
3314,17866
3314,17867
3314,17868
3314,17869
3315,17733
3315,17734
3315,17735
3315,17736
3315,17737
3315,17738
3315,17739
3315,17740
3315,17741
3315,17742
3315,17743
3315,17744
3315,17745
3315,17746
3315,17747
3315,17748
3315,17749
3315,17750
3315,17751
3315,17752
3315,17753
3315,17754
3315,17755
3315,17756
3315,17757
3315,17758
3315,17759
3315,17760
3315,17761
3315,17762
3315,17763
3315,17764
3315,17765
3315,17766
3315,17767
3315,17768
3315,17769
3315,17770
3315,17771
3315,17772
3315,17773
3315,17774
3315,17775
3315,17776
3315,17777
3315,17778
3315,17779
3315,17780
3315,17781
3315,17782
3315,17783
3315,17784
3315,17785
3315,17786
3315,17787
3315,17788
3315,17789
3315,17790
3315,17791
3315,17792
3315,17793
3315,17794
3315,17795
3315,17796
3315,17797
3315,17798
3315,17799
3315,17800
3315,17801
3315,17802
3315,17803
3315,17804
3315,17805
3315,17806
3315,17807
3315,17808
3315,17809
3315,17810
3315,17811
3315,17812
3315,17813
3315,17814
3315,17815
3315,17816
3315,17817
3315,17818
3315,17819
3315,17820
3315,17821
3315,17822
3315,17823
3315,17824
3315,17825
3315,17826
3315,17827
3315,17828
3315,17829
3315,17830
3315,17831
3315,17832
3315,17833
3315,17834
3315,17835
3315,17836
3315,17837
3315,17838
3315,17839
3315,17840
3315,17841
3315,17842
3315,17843
3315,17844
3315,17845
3315,17846
3315,17847
3315,17848
3315,17849
3315,17850
3315,17851
3315,17852
3315,17853
3315,17854
3315,17855
3315,17856
3315,17857
3315,17858
3315,17859
3315,17860
3315,17861
3315,17862
3315,17863
3315,17864
3315,17865
3315,17866
3315,17867
3315,17868
3316,17733
3316,17734
3316,17735
3316,17736
3316,17737
3316,17738
3316,17739
3316,17740
3316,17741
3316,17742
3316,17743
3316,17744
3316,17745
3316,17746
3316,17747
3316,17748
3316,17749
3316,17750
3316,17751
3316,17752
3316,17753
3316,17754
3316,17755
3316,17756
3316,17757
3316,17758
3316,17759
3316,17760
3316,17761
3316,17762
3316,17763
3316,17764
3316,17765
3316,17766
3316,17767
3316,17768
3316,17769
3316,17770
3316,17771
3316,17772
3316,17773
3316,17774
3316,17775
3316,17776
3316,17777
3316,17778
3316,17779
3316,17780
3316,17781
3316,17782
3316,17783
3316,17784
3316,17785
3316,17786
3316,17787
3316,17788
3316,17789
3316,17790
3316,17791
3316,17792
3316,17793
3316,17794
3316,17795
3316,17796
3316,17797
3316,17798
3316,17799
3316,17800
3316,17801
3316,17802
3316,17803
3316,17804
3316,17805
3316,17806
3316,17807
3316,17808
3316,17809
3316,17810
3316,17811
3316,17812
3316,17813
3316,17814
3316,17815
3316,17816
3316,17817
3316,17818
3316,17819
3316,17820
3316,17821
3316,17822
3316,17823
3316,17824
3316,17825
3316,17826
3316,17827
3316,17828
3316,17829
3316,17830
3316,17831
3316,17832
3316,17833
3316,17834
3316,17835
3316,17836
3316,17837
3316,17838
3316,17839
3316,17840
3316,17841
3316,17842
3316,17843
3316,17844
3316,17845
3316,17846
3316,17847
3316,17848
3316,17849
3316,17850
3316,17851
3316,17852
3316,17853
3316,17854
3316,17855
3316,17856
3316,17857
3316,17858
3316,17859
3316,17860
3316,17861
3316,17862
3316,17863
3316,17864
3316,17865
3316,17866
3316,17867
3317,17733
3317,17734
3317,17735
3317,17736
3317,17737
3317,17738
3317,17739
3317,17740
3317,17741
3317,17742
3317,17743
3317,17744
3317,17745
3317,17746
3317,17747
3317,17748
3317,17749
3317,17750
3317,17751
3317,17752
3317,17753
3317,17754
3317,17755
3317,17756
3317,17757
3317,17758
3317,17759
3317,17760
3317,17761
3317,17762
3317,17763
3317,17764
3317,17765
3317,17766
3317,17767
3317,17768
3317,17769
3317,17770
3317,17771
3317,17772
3317,17773
3317,17774
3317,17775
3317,17776
3317,17777
3317,17778
3317,17779
3317,17780
3317,17781
3317,17782
3317,17783
3317,17784
3317,17785
3317,17786
3317,17787
3317,17788
3317,17789
3317,17790
3317,17791
3317,17792
3317,17793
3317,17794
3317,17795
3317,17796
3317,17797
3317,17798
3317,17799
3317,17800
3317,17801
3317,17802
3317,17803
3317,17804
3317,17805
3317,17806
3317,17807
3317,17808
3317,17809
3317,17810
3317,17811
3317,17812
3317,17813
3317,17814
3317,17815
3317,17816
3317,17817
3317,17818
3317,17819
3317,17820
3317,17821
3317,17822
3317,17823
3317,17824
3317,17825
3317,17826
3317,17827
3317,17828
3317,17829
3317,17830
3317,17831
3317,17832
3317,17833
3317,17834
3317,17835
3317,17836
3317,17837
3317,17838
3317,17839
3317,17840
3317,17841
3317,17842
3317,17843
3317,17844
3317,17845
3317,17846
3317,17847
3317,17848
3317,17849
3317,17850
3317,17851
3317,17852
3317,17853
3317,17854
3317,17855
3317,17856
3317,17857
3317,17858
3317,17859
3317,17860
3317,17861
3317,17862
3317,17863
3317,17864
3317,17865
3317,17866
3318,17733
3318,17734
3318,17735
3318,17736
3318,17737
3318,17738
3318,17739
3318,17740
3318,17741
3318,17742
3318,17743
3318,17744
3318,17745
3318,17746
3318,17747
3318,17748
3318,17749
3318,17750
3318,17751
3318,17752
3318,17753
3318,17754
3318,17755
3318,17756
3318,17757
3318,17758
3318,17759
3318,17760
3318,17761
3318,17762
3318,17763
3318,17764
3318,17765
3318,17766
3318,17767
3318,17768
3318,17769
3318,17770
3318,17771
3318,17772
3318,17773
3318,17774
3318,17775
3318,17776
3318,17777
3318,17778
3318,17779
3318,17780
3318,17781
3318,17782
3318,17783
3318,17784
3318,17785
3318,17786
3318,17787
3318,17788
3318,17789
3318,17790
3318,17791
3318,17792
3318,17793
3318,17794
3318,17795
3318,17796
3318,17797
3318,17798
3318,17799
3318,17800
3318,17801
3318,17802
3318,17803
3318,17804
3318,17805
3318,17806
3318,17807
3318,17808
3318,17809
3318,17810
3318,17811
3318,17812
3318,17813
3318,17814
3318,17815
3318,17816
3318,17817
3318,17818
3318,17819
3318,17820
3318,17821
3318,17822
3318,17823
3318,17824
3318,17825
3318,17826
3318,17827
3318,17828
3318,17829
3318,17830
3318,17831
3318,17832
3318,17833
3318,17834
3318,17835
3318,17836
3318,17837
3318,17838
3318,17839
3318,17840
3318,17841
3318,17842
3318,17843
3318,17844
3318,17845
3318,17846
3318,17847
3318,17848
3318,17849
3318,17850
3318,17851
3318,17852
3318,17853
3318,17854
3318,17855
3318,17856
3318,17857
3318,17858
3318,17859
3318,17860
3318,17861
3318,17862
3318,17863
3318,17864
3318,17865
3319,17733
3319,17734
3319,17735
3319,17736
3319,17737
3319,17738
3319,17739
3319,17740
3319,17741
3319,17742
3319,17743
3319,17744
3319,17745
3319,17746
3319,17747
3319,17748
3319,17749
3319,17750
3319,17751
3319,17752
3319,17753
3319,17754
3319,17755
3319,17756
3319,17757
3319,17758
3319,17759
3319,17760
3319,17761
3319,17762
3319,17763
3319,17764
3319,17765
3319,17766
3319,17767
3319,17768
3319,17769
3319,17770
3319,17771
3319,17772
3319,17773
3319,17774
3319,17775
3319,17776
3319,17777
3319,17778
3319,17779
3319,17780
3319,17781
3319,17782
3319,17783
3319,17784
3319,17785
3319,17786
3319,17787
3319,17788
3319,17789
3319,17790
3319,17791
3319,17792
3319,17793
3319,17794
3319,17795
3319,17796
3319,17797
3319,17798
3319,17799
3319,17800
3319,17801
3319,17802
3319,17803
3319,17804
3319,17805
3319,17806
3319,17807
3319,17808
3319,17809
3319,17810
3319,17811
3319,17812
3319,17813
3319,17814
3319,17815
3319,17816
3319,17817
3319,17818
3319,17819
3319,17820
3319,17821
3319,17822
3319,17823
3319,17824
3319,17825
3319,17826
3319,17827
3319,17828
3319,17829
3319,17830
3319,17831
3319,17832
3319,17833
3319,17834
3319,17835
3319,17836
3319,17837
3319,17838
3319,17839
3319,17840
3319,17841
3319,17842
3319,17843
3319,17844
3319,17845
3319,17846
3319,17847
3319,17848
3319,17849
3319,17850
3319,17851
3319,17852
3319,17853
3319,17854
3319,17855
3319,17856
3319,17857
3319,17858
3319,17859
3319,17860
3319,17861
3319,17862
3319,17863
3319,17864
3320,17733
3320,17734
3320,17735
3320,17736
3320,17737
3320,17738
3320,17739
3320,17740
3320,17741
3320,17742
3320,17743
3320,17744
3320,17745
3320,17746
3320,17747
3320,17748
3320,17749
3320,17750
3320,17751
3320,17752
3320,17753
3320,17754
3320,17755
3320,17756
3320,17757
3320,17758
3320,17759
3320,17760
3320,17761
3320,17762
3320,17763
3320,17764
3320,17765
3320,17766
3320,17767
3320,17768
3320,17769
3320,17770
3320,17771
3320,17772
3320,17773
3320,17774
3320,17775
3320,17776
3320,17777
3320,17778
3320,17779
3320,17780
3320,17781
3320,17782
3320,17783
3320,17784
3320,17785
3320,17786
3320,17787
3320,17788
3320,17789
3320,17790
3320,17791
3320,17792
3320,17793
3320,17794
3320,17795
3320,17796
3320,17797
3320,17798
3320,17799
3320,17800
3320,17801
3320,17802
3320,17803
3320,17804
3320,17805
3320,17806
3320,17807
3320,17808
3320,17809
3320,17810
3320,17811
3320,17812
3320,17813
3320,17814
3320,17815
3320,17816
3320,17817
3320,17818
3320,17819
3320,17820
3320,17821
3320,17822
3320,17823
3320,17824
3320,17825
3320,17826
3320,17827
3320,17828
3320,17829
3320,17830
3320,17831
3320,17832
3320,17833
3320,17834
3320,17835
3320,17836
3320,17837
3320,17838
3320,17839
3320,17840
3320,17841
3320,17842
3320,17843
3320,17844
3320,17845
3320,17846
3320,17847
3320,17848
3320,17849
3320,17850
3320,17851
3320,17852
3320,17853
3320,17854
3320,17855
3320,17856
3320,17857
3320,17858
3320,17859
3320,17860
3320,17861
3320,17862
3320,17863
3321,17734
3321,17735
3321,17736
3321,17737
3321,17738
3321,17739
3321,17740
3321,17741
3321,17742
3321,17743
3321,17744
3321,17745
3321,17746
3321,17747
3321,17748
3321,17749
3321,17750
3321,17751
3321,17752
3321,17753
3321,17754
3321,17755
3321,17756
3321,17757
3321,17758
3321,17759
3321,17760
3321,17761
3321,17762
3321,17763
3321,17764
3321,17765
3321,17766
3321,17767
3321,17768
3321,17769
3321,17770
3321,17771
3321,17772
3321,17773
3321,17774
3321,17775
3321,17776
3321,17777
3321,17778
3321,17779
3321,17780
3321,17781
3321,17782
3321,17783
3321,17784
3321,17785
3321,17786
3321,17787
3321,17788
3321,17789
3321,17790
3321,17791
3321,17792
3321,17793
3321,17794
3321,17795
3321,17796
3321,17797
3321,17798
3321,17799
3321,17800
3321,17801
3321,17802
3321,17803
3321,17804
3321,17805
3321,17806
3321,17807
3321,17808
3321,17809
3321,17810
3321,17811
3321,17812
3321,17813
3321,17814
3321,17815
3321,17816
3321,17817
3321,17818
3321,17819
3321,17820
3321,17821
3321,17822
3321,17823
3321,17824
3321,17825
3321,17826
3321,17827
3321,17828
3321,17829
3321,17830
3321,17831
3321,17832
3321,17833
3321,17834
3321,17835
3321,17836
3321,17837
3321,17838
3321,17839
3321,17840
3321,17841
3321,17842
3321,17843
3321,17844
3321,17845
3321,17846
3321,17847
3321,17848
3321,17849
3321,17850
3321,17851
3321,17852
3321,17853
3321,17854
3321,17855
3321,17856
3321,17857
3321,17858
3321,17859
3321,17860
3321,17861
3321,17862
3322,17734
3322,17735
3322,17736
3322,17737
3322,17738
3322,17739
3322,17740
3322,17741
3322,17742
3322,17743
3322,17744
3322,17745
3322,17746
3322,17747
3322,17748
3322,17749
3322,17750
3322,17751
3322,17752
3322,17753
3322,17754
3322,17755
3322,17756
3322,17757
3322,17758
3322,17759
3322,17760
3322,17761
3322,17762
3322,17763
3322,17764
3322,17765
3322,17766
3322,17767
3322,17768
3322,17769
3322,17770
3322,17771
3322,17772
3322,17773
3322,17774
3322,17775
3322,17776
3322,17777
3322,17778
3322,17779
3322,17780
3322,17781
3322,17782
3322,17783
3322,17784
3322,17785
3322,17786
3322,17787
3322,17788
3322,17789
3322,17790
3322,17791
3322,17792
3322,17793
3322,17794
3322,17795
3322,17796
3322,17797
3322,17798
3322,17799
3322,17800
3322,17801
3322,17802
3322,17803
3322,17804
3322,17805
3322,17806
3322,17807
3322,17808
3322,17809
3322,17810
3322,17811
3322,17812
3322,17813
3322,17814
3322,17815
3322,17816
3322,17817
3322,17818
3322,17819
3322,17820
3322,17821
3322,17822
3322,17823
3322,17824
3322,17825
3322,17826
3322,17827
3322,17828
3322,17829
3322,17830
3322,17831
3322,17832
3322,17833
3322,17834
3322,17835
3322,17836
3322,17837
3322,17838
3322,17839
3322,17840
3322,17841
3322,17842
3322,17843
3322,17844
3322,17845
3322,17846
3322,17847
3322,17848
3322,17849
3322,17850
3322,17851
3322,17852
3322,17853
3322,17854
3322,17855
3322,17856
3322,17857
3322,17858
3322,17859
3322,17860
3322,17861
3323,17734
3323,17735
3323,17736
3323,17737
3323,17738
3323,17739
3323,17740
3323,17741
3323,17742
3323,17743
3323,17744
3323,17745
3323,17746
3323,17747
3323,17748
3323,17749
3323,17750
3323,17751
3323,17752
3323,17753
3323,17754
3323,17755
3323,17756
3323,17757
3323,17758
3323,17759
3323,17760
3323,17761
3323,17762
3323,17763
3323,17764
3323,17765
3323,17766
3323,17767
3323,17768
3323,17769
3323,17770
3323,17771
3323,17772
3323,17773
3323,17774
3323,17775
3323,17776
3323,17777
3323,17778
3323,17779
3323,17780
3323,17781
3323,17782
3323,17783
3323,17784
3323,17785
3323,17786
3323,17787
3323,17788
3323,17789
3323,17790
3323,17791
3323,17792
3323,17793
3323,17794
3323,17795
3323,17796
3323,17797
3323,17798
3323,17799
3323,17800
3323,17801
3323,17802
3323,17803
3323,17804
3323,17805
3323,17806
3323,17807
3323,17808
3323,17809
3323,17810
3323,17811
3323,17812
3323,17813
3323,17814
3323,17815
3323,17816
3323,17817
3323,17818
3323,17819
3323,17820
3323,17821
3323,17822
3323,17823
3323,17824
3323,17825
3323,17826
3323,17827
3323,17828
3323,17829
3323,17830
3323,17831
3323,17832
3323,17833
3323,17834
3323,17835
3323,17836
3323,17837
3323,17838
3323,17839
3323,17840
3323,17841
3323,17842
3323,17843
3323,17844
3323,17845
3323,17846
3323,17847
3323,17848
3323,17849
3323,17850
3323,17851
3323,17852
3323,17853
3323,17854
3323,17855
3323,17856
3323,17857
3323,17858
3323,17859
3323,17860
3324,17734
3324,17735
3324,17736
3324,17737
3324,17738
3324,17739
3324,17740
3324,17741
3324,17742
3324,17743
3324,17744
3324,17745
3324,17746
3324,17747
3324,17748
3324,17749
3324,17750
3324,17751
3324,17752
3324,17753
3324,17754
3324,17755
3324,17756
3324,17757
3324,17758
3324,17759
3324,17760
3324,17761
3324,17762
3324,17763
3324,17764
3324,17765
3324,17766
3324,17767
3324,17768
3324,17769
3324,17770
3324,17771
3324,17772
3324,17773
3324,17774
3324,17775
3324,17776
3324,17777
3324,17778
3324,17779
3324,17780
3324,17781
3324,17782
3324,17783
3324,17784
3324,17785
3324,17786
3324,17787
3324,17788
3324,17789
3324,17790
3324,17791
3324,17792
3324,17793
3324,17794
3324,17795
3324,17796
3324,17797
3324,17798
3324,17799
3324,17800
3324,17801
3324,17802
3324,17803
3324,17804
3324,17805
3324,17806
3324,17807
3324,17808
3324,17809
3324,17810
3324,17811
3324,17812
3324,17813
3324,17814
3324,17815
3324,17816
3324,17817
3324,17818
3324,17819
3324,17820
3324,17821
3324,17822
3324,17823
3324,17824
3324,17825
3324,17826
3324,17827
3324,17828
3324,17829
3324,17830
3324,17831
3324,17832
3324,17833
3324,17834
3324,17835
3324,17836
3324,17837
3324,17838
3324,17839
3324,17840
3324,17841
3324,17842
3324,17843
3324,17844
3324,17845
3324,17846
3324,17847
3324,17848
3324,17849
3324,17850
3324,17851
3324,17852
3324,17853
3324,17854
3324,17855
3324,17856
3324,17857
3324,17858
3324,17859
3325,17735
3325,17736
3325,17737
3325,17738
3325,17739
3325,17740
3325,17741
3325,17742
3325,17743
3325,17744
3325,17745
3325,17746
3325,17747
3325,17748
3325,17749
3325,17750
3325,17751
3325,17752
3325,17753
3325,17754
3325,17755
3325,17756
3325,17757
3325,17758
3325,17759
3325,17760
3325,17761
3325,17762
3325,17763
3325,17764
3325,17765
3325,17766
3325,17767
3325,17768
3325,17769
3325,17770
3325,17771
3325,17772
3325,17773
3325,17774
3325,17775
3325,17776
3325,17777
3325,17778
3325,17779
3325,17780
3325,17781
3325,17782
3325,17783
3325,17784
3325,17785
3325,17786
3325,17787
3325,17788
3325,17789
3325,17790
3325,17791
3325,17792
3325,17793
3325,17794
3325,17795
3325,17796
3325,17797
3325,17798
3325,17799
3325,17800
3325,17801
3325,17802
3325,17803
3325,17804
3325,17805
3325,17806
3325,17807
3325,17808
3325,17809
3325,17810
3325,17811
3325,17812
3325,17813
3325,17814
3325,17815
3325,17816
3325,17817
3325,17818
3325,17819
3325,17820
3325,17821
3325,17822
3325,17823
3325,17824
3325,17825
3325,17826
3325,17827
3325,17828
3325,17829
3325,17830
3325,17831
3325,17832
3325,17833
3325,17834
3325,17835
3325,17836
3325,17837
3325,17838
3325,17839
3325,17840
3325,17841
3325,17842
3325,17843
3325,17844
3325,17845
3325,17846
3325,17847
3325,17848
3325,17849
3325,17850
3325,17851
3325,17852
3325,17853
3325,17854
3325,17855
3325,17856
3325,17857
3325,17858
3326,17735
3326,17736
3326,17737
3326,17738
3326,17739
3326,17740
3326,17741
3326,17742
3326,17743
3326,17744
3326,17745
3326,17746
3326,17747
3326,17748
3326,17749
3326,17750
3326,17751
3326,17752
3326,17753
3326,17754
3326,17755
3326,17756
3326,17757
3326,17758
3326,17759
3326,17760
3326,17761
3326,17762
3326,17763
3326,17764
3326,17765
3326,17766
3326,17767
3326,17768
3326,17769
3326,17770
3326,17771
3326,17772
3326,17773
3326,17774
3326,17775
3326,17776
3326,17777
3326,17778
3326,17779
3326,17780
3326,17781
3326,17782
3326,17783
3326,17784
3326,17785
3326,17786
3326,17787
3326,17788
3326,17789
3326,17790
3326,17791
3326,17792
3326,17793
3326,17794
3326,17795
3326,17796
3326,17797
3326,17798
3326,17799
3326,17800
3326,17801
3326,17802
3326,17803
3326,17804
3326,17805
3326,17806
3326,17807
3326,17808
3326,17809
3326,17810
3326,17811
3326,17812
3326,17813
3326,17814
3326,17815
3326,17816
3326,17817
3326,17818
3326,17819
3326,17820
3326,17821
3326,17822
3326,17823
3326,17824
3326,17825
3326,17826
3326,17827
3326,17828
3326,17829
3326,17830
3326,17831
3326,17832
3326,17833
3326,17834
3326,17835
3326,17836
3326,17837
3326,17838
3326,17839
3326,17840
3326,17841
3326,17842
3326,17843
3326,17844
3326,17845
3326,17846
3326,17847
3326,17848
3326,17849
3326,17850
3326,17851
3326,17852
3326,17853
3326,17854
3326,17855
3326,17856
3326,17857
3327,17735
3327,17736
3327,17737
3327,17738
3327,17739
3327,17740
3327,17741
3327,17742
3327,17743
3327,17744
3327,17745
3327,17746
3327,17747
3327,17748
3327,17749
3327,17750
3327,17751
3327,17752
3327,17753
3327,17754
3327,17755
3327,17756
3327,17757
3327,17758
3327,17759
3327,17760
3327,17761
3327,17762
3327,17763
3327,17764
3327,17765
3327,17766
3327,17767
3327,17768
3327,17769
3327,17770
3327,17771
3327,17772
3327,17773
3327,17774
3327,17775
3327,17776
3327,17777
3327,17778
3327,17779
3327,17780
3327,17781
3327,17782
3327,17783
3327,17784
3327,17785
3327,17786
3327,17787
3327,17788
3327,17789
3327,17790
3327,17791
3327,17792
3327,17793
3327,17794
3327,17795
3327,17796
3327,17797
3327,17798
3327,17799
3327,17800
3327,17801
3327,17802
3327,17803
3327,17804
3327,17805
3327,17806
3327,17807
3327,17808
3327,17809
3327,17810
3327,17811
3327,17812
3327,17813
3327,17814
3327,17815
3327,17816
3327,17817
3327,17818
3327,17819
3327,17820
3327,17821
3327,17822
3327,17823
3327,17824
3327,17825
3327,17826
3327,17827
3327,17828
3327,17829
3327,17830
3327,17831
3327,17832
3327,17833
3327,17834
3327,17835
3327,17836
3327,17837
3327,17838
3327,17839
3327,17840
3327,17841
3327,17842
3327,17843
3327,17844
3327,17845
3327,17846
3327,17847
3327,17848
3327,17849
3327,17850
3327,17851
3327,17852
3327,17853
3327,17854
3327,17855
3327,17856
3328,17735
3328,17736
3328,17737
3328,17738
3328,17739
3328,17740
3328,17741
3328,17742
3328,17743
3328,17744
3328,17745
3328,17746
3328,17747
3328,17748
3328,17749
3328,17750
3328,17751
3328,17752
3328,17753
3328,17754
3328,17755
3328,17756
3328,17757
3328,17758
3328,17759
3328,17760
3328,17761
3328,17762
3328,17763
3328,17764
3328,17765
3328,17766
3328,17767
3328,17768
3328,17769
3328,17770
3328,17771
3328,17772
3328,17773
3328,17774
3328,17775
3328,17776
3328,17777
3328,17778
3328,17779
3328,17780
3328,17781
3328,17782
3328,17783
3328,17784
3328,17785
3328,17786
3328,17787
3328,17788
3328,17789
3328,17790
3328,17791
3328,17792
3328,17793
3328,17794
3328,17795
3328,17796
3328,17797
3328,17798
3328,17799
3328,17800
3328,17801
3328,17802
3328,17803
3328,17804
3328,17805
3328,17806
3328,17807
3328,17808
3328,17809
3328,17810
3328,17811
3328,17812
3328,17813
3328,17814
3328,17815
3328,17816
3328,17817
3328,17818
3328,17819
3328,17820
3328,17821
3328,17822
3328,17823
3328,17824
3328,17825
3328,17826
3328,17827
3328,17828
3328,17829
3328,17830
3328,17831
3328,17832
3328,17833
3328,17834
3328,17835
3328,17836
3328,17837
3328,17838
3328,17839
3328,17840
3328,17841
3328,17842
3328,17843
3328,17844
3328,17845
3328,17846
3328,17847
3328,17848
3328,17849
3328,17850
3328,17851
3328,17852
3328,17853
3328,17854
3328,17855
3329,17736
3329,17737
3329,17738
3329,17739
3329,17740
3329,17741
3329,17742
3329,17743
3329,17744
3329,17745
3329,17746
3329,17747
3329,17748
3329,17749
3329,17750
3329,17751
3329,17752
3329,17753
3329,17754
3329,17755
3329,17756
3329,17757
3329,17758
3329,17759
3329,17760
3329,17761
3329,17762
3329,17763
3329,17764
3329,17765
3329,17766
3329,17767
3329,17768
3329,17769
3329,17770
3329,17771
3329,17772
3329,17773
3329,17774
3329,17775
3329,17776
3329,17777
3329,17778
3329,17779
3329,17780
3329,17781
3329,17782
3329,17783
3329,17784
3329,17785
3329,17786
3329,17787
3329,17788
3329,17789
3329,17790
3329,17791
3329,17792
3329,17793
3329,17794
3329,17795
3329,17796
3329,17797
3329,17798
3329,17799
3329,17800
3329,17801
3329,17802
3329,17803
3329,17804
3329,17805
3329,17806
3329,17807
