"X","Y"
3317,17233
3318,17230
3318,17231
3318,17232
3318,17233
3318,17234
3318,17235
3318,17236
3319,17228
3319,17229
3319,17230
3319,17231
3319,17232
3319,17233
3319,17234
3319,17235
3319,17236
3319,17237
3320,17227
3320,17228
3320,17229
3320,17230
3320,17231
3320,17232
3320,17233
3320,17234
3320,17235
3320,17236
3320,17237
3320,17238
3320,17255
3320,17257
3320,17258
3321,17226
3321,17227
3321,17228
3321,17229
3321,17230
3321,17231
3321,17232
3321,17233
3321,17234
3321,17235
3321,17236
3321,17237
3321,17238
3321,17252
3321,17253
3321,17254
3321,17255
3321,17256
3321,17257
3321,17258
3321,17259
3321,17260
3321,17261
3322,17226
3322,17227
3322,17228
3322,17229
3322,17230
3322,17231
3322,17232
3322,17233
3322,17234
3322,17235
3322,17236
3322,17237
3322,17238
3322,17248
3322,17250
3322,17251
3322,17252
3322,17253
3322,17254
3322,17255
3322,17256
3322,17257
3322,17258
3322,17259
3322,17260
3322,17261
3322,17262
3323,17225
3323,17226
3323,17227
3323,17228
3323,17229
3323,17230
3323,17231
3323,17232
3323,17233
3323,17234
3323,17235
3323,17236
3323,17237
3323,17238
3323,17239
3323,17246
3323,17247
3323,17248
3323,17249
3323,17250
3323,17251
3323,17252
3323,17253
3323,17254
3323,17255
3323,17256
3323,17257
3323,17258
3323,17259
3323,17260
3323,17261
3323,17262
3323,17263
3323,17264
3324,17225
3324,17226
3324,17227
3324,17228
3324,17229
3324,17230
3324,17231
3324,17232
3324,17233
3324,17234
3324,17235
3324,17236
3324,17237
3324,17238
3324,17245
3324,17246
3324,17247
3324,17248
3324,17249
3324,17250
3324,17251
3324,17252
3324,17253
3324,17254
3324,17255
3324,17256
3324,17257
3324,17258
3324,17259
3324,17260
3324,17261
3324,17262
3324,17263
3324,17264
3324,17265
3324,17266
3324,17267
3325,17225
3325,17226
3325,17227
3325,17228
3325,17229
3325,17230
3325,17231
3325,17232
3325,17233
3325,17234
3325,17235
3325,17236
3325,17237
3325,17238
3325,17244
3325,17245
3325,17246
3325,17247
3325,17248
3325,17249
3325,17250
3325,17251
3325,17252
3325,17253
3325,17254
3325,17255
3325,17256
3325,17257
3325,17258
3325,17259
3325,17260
3325,17261
3325,17262
3325,17263
3325,17264
3325,17265
3325,17266
3325,17267
3325,17268
3326,17225
3326,17226
3326,17227
3326,17228
3326,17229
3326,17230
3326,17231
3326,17232
3326,17233
3326,17234
3326,17235
3326,17236
3326,17237
3326,17238
3326,17243
3326,17244
3326,17245
3326,17246
3326,17247
3326,17248
3326,17249
3326,17250
3326,17251
3326,17252
3326,17253
3326,17254
3326,17255
3326,17256
3326,17257
3326,17258
3326,17259
3326,17260
3326,17261
3326,17262
3326,17263
3326,17264
3326,17265
3326,17266
3326,17267
3326,17268
3326,17269
3327,17221
3327,17222
3327,17223
3327,17224
3327,17225
3327,17226
3327,17227
3327,17228
3327,17229
3327,17230
3327,17231
3327,17232
3327,17233
3327,17234
3327,17235
3327,17236
3327,17237
3327,17238
3327,17243
3327,17244
3327,17245
3327,17246
3327,17247
3327,17248
3327,17249
3327,17250
3327,17251
3327,17252
3327,17253
3327,17254
3327,17255
3327,17256
3327,17257
3327,17258
3327,17259
3327,17260
3327,17261
3327,17262
3327,17263
3327,17264
3327,17265
3327,17266
3327,17267
3327,17268
3327,17269
3328,17218
3328,17219
3328,17220
3328,17221
3328,17222
3328,17223
3328,17224
3328,17225
3328,17226
3328,17227
3328,17228
3328,17229
3328,17230
3328,17231
3328,17232
3328,17233
3328,17234
3328,17235
3328,17236
3328,17237
3328,17238
3328,17239
3328,17242
3328,17243
3328,17244
3328,17245
3328,17246
3328,17247
3328,17248
3328,17249
3328,17250
3328,17251
3328,17252
3328,17253
3328,17254
3328,17255
3328,17256
3328,17257
3328,17258
3328,17259
3328,17260
3328,17261
3328,17262
3328,17263
3328,17264
3328,17265
3328,17266
3328,17267
3328,17268
3328,17269
3328,17270
3328,17341
3329,17216
3329,17217
3329,17218
3329,17219
3329,17220
3329,17221
3329,17222
3329,17223
3329,17224
3329,17225
3329,17226
3329,17227
3329,17228
3329,17229
3329,17230
3329,17231
3329,17232
3329,17233
3329,17234
3329,17235
3329,17236
3329,17237
3329,17238
3329,17239
3329,17242
3329,17243
3329,17244
3329,17245
3329,17246
3329,17247
3329,17248
3329,17249
3329,17250
3329,17251
3329,17252
3329,17253
3329,17254
3329,17255
3329,17256
3329,17257
3329,17258
3329,17259
3329,17260
3329,17261
3329,17262
3329,17263
3329,17264
3329,17265
3329,17266
3329,17267
3329,17268
3329,17269
3329,17270
3329,17338
3329,17339
3329,17340
3329,17341
3329,17342
3329,17343
3329,17344
3330,17215
3330,17216
3330,17217
3330,17218
3330,17219
3330,17220
3330,17221
3330,17222
3330,17223
3330,17224
3330,17225
3330,17226
3330,17227
3330,17228
3330,17229
3330,17230
3330,17231
3330,17232
3330,17233
3330,17234
3330,17235
3330,17236
3330,17237
3330,17238
3330,17239
3330,17242
3330,17243
3330,17244
3330,17245
3330,17246
3330,17247
3330,17248
3330,17249
3330,17250
3330,17251
3330,17252
3330,17253
3330,17254
3330,17255
3330,17256
3330,17257
3330,17258
3330,17259
3330,17260
3330,17261
3330,17262
3330,17263
3330,17264
3330,17265
3330,17266
3330,17267
3330,17268
3330,17269
3330,17270
3330,17337
3330,17338
3330,17339
3330,17340
3330,17341
3330,17342
3330,17343
3330,17344
3330,17345
3331,17214
3331,17215
3331,17216
3331,17217
3331,17218
3331,17219
3331,17220
3331,17221
3331,17222
3331,17223
3331,17224
3331,17225
3331,17226
3331,17227
3331,17228
3331,17229
3331,17230
3331,17231
3331,17232
3331,17233
3331,17234
3331,17235
3331,17236
3331,17237
3331,17238
3331,17239
3331,17241
3331,17242
3331,17243
3331,17244
3331,17245
3331,17246
3331,17247
3331,17248
3331,17249
3331,17250
3331,17251
3331,17252
3331,17253
3331,17254
3331,17255
3331,17256
3331,17257
3331,17258
3331,17259
3331,17260
3331,17261
3331,17262
3331,17263
3331,17264
3331,17265
3331,17266
3331,17267
3331,17268
3331,17269
3331,17270
3331,17271
3331,17336
3331,17337
3331,17338
3331,17339
3331,17340
3331,17341
3331,17342
3331,17343
3331,17344
3331,17345
3331,17346
3332,17214
3332,17215
3332,17216
3332,17217
3332,17218
3332,17219
3332,17220
3332,17221
3332,17222
3332,17223
3332,17224
3332,17225
3332,17226
3332,17227
3332,17228
3332,17229
3332,17230
3332,17231
3332,17232
3332,17233
3332,17234
3332,17235
3332,17236
3332,17237
3332,17238
3332,17239
3332,17240
3332,17241
3332,17242
3332,17243
3332,17244
3332,17245
3332,17246
3332,17247
3332,17248
3332,17249
3332,17250
3332,17251
3332,17252
3332,17253
3332,17254
3332,17255
3332,17256
3332,17257
3332,17258
3332,17259
3332,17260
3332,17261
3332,17262
3332,17263
3332,17264
3332,17265
3332,17266
3332,17267
3332,17268
3332,17269
3332,17270
3332,17335
3332,17336
3332,17337
3332,17338
3332,17339
3332,17340
3332,17341
3332,17342
3332,17343
3332,17344
3332,17345
3332,17346
3332,17347
3333,17214
3333,17215
3333,17216
3333,17217
3333,17218
3333,17219
3333,17220
3333,17221
3333,17222
3333,17223
3333,17224
3333,17225
3333,17226
3333,17227
3333,17228
3333,17229
3333,17230
3333,17231
3333,17232
3333,17233
3333,17234
3333,17235
3333,17236
3333,17237
3333,17238
3333,17239
3333,17240
3333,17241
3333,17242
3333,17243
3333,17244
3333,17245
3333,17246
3333,17247
3333,17248
3333,17249
3333,17250
3333,17251
3333,17252
3333,17253
3333,17254
3333,17255
3333,17256
3333,17257
3333,17258
3333,17259
3333,17260
3333,17261
3333,17262
3333,17263
3333,17264
3333,17265
3333,17266
3333,17267
3333,17268
3333,17269
3333,17270
3333,17271
3333,17335
3333,17336
3333,17337
3333,17338
3333,17339
3333,17340
3333,17341
3333,17342
3333,17343
3333,17344
3333,17345
3333,17346
3333,17347
3333,17348
3333,17349
3334,17213
3334,17214
3334,17215
3334,17216
3334,17217
3334,17218
3334,17219
3334,17220
3334,17221
3334,17222
3334,17223
3334,17224
3334,17225
3334,17226
3334,17227
3334,17228
3334,17229
3334,17230
3334,17231
3334,17232
3334,17233
3334,17234
3334,17235
3334,17236
3334,17237
3334,17238
3334,17239
3334,17240
3334,17241
3334,17242
3334,17243
3334,17244
3334,17245
3334,17246
3334,17247
3334,17248
3334,17249
3334,17250
3334,17251
3334,17252
3334,17253
3334,17254
3334,17255
3334,17256
3334,17257
3334,17258
3334,17259
3334,17260
3334,17261
3334,17262
3334,17263
3334,17264
3334,17265
3334,17266
3334,17267
3334,17268
3334,17269
3334,17270
3334,17335
3334,17336
3334,17337
3334,17338
3334,17339
3334,17340
3334,17341
3334,17342
3334,17343
3334,17344
3334,17345
3334,17346
3334,17347
3334,17348
3334,17349
3334,17350
3334,17351
3334,17352
3334,17357
3335,17214
3335,17215
3335,17216
3335,17217
3335,17218
3335,17219
3335,17220
3335,17221
3335,17222
3335,17223
3335,17224
3335,17225
3335,17226
3335,17227
3335,17228
3335,17229
3335,17230
3335,17231
3335,17232
3335,17233
3335,17234
3335,17235
3335,17236
3335,17237
3335,17238
3335,17239
3335,17240
3335,17241
3335,17242
3335,17243
3335,17244
3335,17245
3335,17246
3335,17247
3335,17248
3335,17249
3335,17250
3335,17251
3335,17252
3335,17253
3335,17254
3335,17255
3335,17256
3335,17257
3335,17258
3335,17259
3335,17260
3335,17261
3335,17262
3335,17263
3335,17264
3335,17265
3335,17266
3335,17267
3335,17268
3335,17269
3335,17270
3335,17334
3335,17335
3335,17336
3335,17337
3335,17338
3335,17339
3335,17340
3335,17341
3335,17342
3335,17343
3335,17344
3335,17345
3335,17346
3335,17347
3335,17348
3335,17349
3335,17350
3335,17351
3335,17352
3335,17353
3335,17354
3335,17355
3335,17356
3335,17357
3335,17358
3335,17359
3335,17360
3336,17214
3336,17215
3336,17216
3336,17217
3336,17218
3336,17219
3336,17220
3336,17221
3336,17222
3336,17223
3336,17224
3336,17225
3336,17226
3336,17227
3336,17228
3336,17229
3336,17230
3336,17231
3336,17232
3336,17233
3336,17234
3336,17235
3336,17236
3336,17237
3336,17238
3336,17239
3336,17240
3336,17241
3336,17242
3336,17243
3336,17244
3336,17245
3336,17246
3336,17247
3336,17248
3336,17249
3336,17250
3336,17251
3336,17252
3336,17253
3336,17254
3336,17255
3336,17256
3336,17257
3336,17258
3336,17259
3336,17260
3336,17261
3336,17262
3336,17263
3336,17264
3336,17265
3336,17266
3336,17267
3336,17268
3336,17269
3336,17270
3336,17335
3336,17336
3336,17337
3336,17338
3336,17339
3336,17340
3336,17341
3336,17342
3336,17343
3336,17344
3336,17345
3336,17346
3336,17347
3336,17348
3336,17349
3336,17350
3336,17351
3336,17352
3336,17353
3336,17354
3336,17355
3336,17356
3336,17357
3336,17358
3336,17359
3336,17360
3336,17361
3337,17214
3337,17215
3337,17216
3337,17217
3337,17218
3337,17219
3337,17220
3337,17221
3337,17222
3337,17223
3337,17224
3337,17225
3337,17226
3337,17227
3337,17228
3337,17229
3337,17230
3337,17231
3337,17232
3337,17233
3337,17234
3337,17235
3337,17236
3337,17237
3337,17238
3337,17239
3337,17240
3337,17241
3337,17242
3337,17243
3337,17244
3337,17245
3337,17246
3337,17247
3337,17248
3337,17249
3337,17250
3337,17251
3337,17252
3337,17253
3337,17254
3337,17255
3337,17256
3337,17257
3337,17258
3337,17259
3337,17260
3337,17261
3337,17262
3337,17263
3337,17264
3337,17265
3337,17266
3337,17267
3337,17268
3337,17269
3337,17277
3337,17334
3337,17335
3337,17336
3337,17337
3337,17338
3337,17339
3337,17340
3337,17341
3337,17342
3337,17343
3337,17344
3337,17345
3337,17346
3337,17347
3337,17348
3337,17349
3337,17350
3337,17351
3337,17352
3337,17353
3337,17354
3337,17355
3337,17356
3337,17357
3337,17358
3337,17359
3337,17360
3337,17361
3337,17362
3337,17363
3338,17215
3338,17216
3338,17217
3338,17218
3338,17219
3338,17220
3338,17221
3338,17222
3338,17223
3338,17224
3338,17225
3338,17226
3338,17227
3338,17228
3338,17229
3338,17230
3338,17231
3338,17232
3338,17233
3338,17234
3338,17235
3338,17236
3338,17237
3338,17238
3338,17239
3338,17240
3338,17241
3338,17242
3338,17243
3338,17244
3338,17245
3338,17246
3338,17247
3338,17248
3338,17249
3338,17250
3338,17251
3338,17252
3338,17253
3338,17254
3338,17255
3338,17256
3338,17257
3338,17258
3338,17259
3338,17260
3338,17261
3338,17262
3338,17263
3338,17264
3338,17265
3338,17266
3338,17267
3338,17268
3338,17269
3338,17271
3338,17273
3338,17274
3338,17275
3338,17276
3338,17277
3338,17278
3338,17279
3338,17280
3338,17291
3338,17335
3338,17336
3338,17337
3338,17338
3338,17339
3338,17340
3338,17341
3338,17342
3338,17343
3338,17344
3338,17345
3338,17346
3338,17347
3338,17348
3338,17349
3338,17350
3338,17351
3338,17352
3338,17353
3338,17354
3338,17355
3338,17356
3338,17357
3338,17358
3338,17359
3338,17360
3338,17361
3338,17362
3338,17363
3338,17364
3339,17215
3339,17216
3339,17217
3339,17218
3339,17219
3339,17220
3339,17221
3339,17222
3339,17223
3339,17224
3339,17225
3339,17226
3339,17227
3339,17228
3339,17229
3339,17230
3339,17231
3339,17232
3339,17233
3339,17234
3339,17235
3339,17236
3339,17237
3339,17238
3339,17239
3339,17240
3339,17241
3339,17242
3339,17243
3339,17244
3339,17245
3339,17246
3339,17247
3339,17248
3339,17249
3339,17250
3339,17251
3339,17252
3339,17253
3339,17254
3339,17255
3339,17256
3339,17257
3339,17258
3339,17259
3339,17260
3339,17261
3339,17262
3339,17263
3339,17264
3339,17265
3339,17266
3339,17267
3339,17268
3339,17269
3339,17270
3339,17271
3339,17272
3339,17273
3339,17274
3339,17275
3339,17276
3339,17277
3339,17278
3339,17279
3339,17280
3339,17281
3339,17282
3339,17283
3339,17286
3339,17288
3339,17289
3339,17290
3339,17291
3339,17292
3339,17293
3339,17294
3339,17335
3339,17336
3339,17337
3339,17338
3339,17339
3339,17340
3339,17341
3339,17342
3339,17343
3339,17344
3339,17345
3339,17346
3339,17347
3339,17348
3339,17349
3339,17350
3339,17351
3339,17352
3339,17353
3339,17354
3339,17355
3339,17356
3339,17357
3339,17358
3339,17359
3339,17360
3339,17361
3339,17362
3339,17363
3339,17364
3339,17365
3340,17216
3340,17217
3340,17218
3340,17219
3340,17220
3340,17221
3340,17222
3340,17223
3340,17224
3340,17225
3340,17226
3340,17227
3340,17228
3340,17229
3340,17230
3340,17231
3340,17232
3340,17233
3340,17234
3340,17235
3340,17236
3340,17237
3340,17238
3340,17239
3340,17240
3340,17241
3340,17242
3340,17243
3340,17244
3340,17245
3340,17246
3340,17247
3340,17248
3340,17249
3340,17250
3340,17251
3340,17252
3340,17253
3340,17254
3340,17255
3340,17256
3340,17257
3340,17258
3340,17259
3340,17260
3340,17261
3340,17262
3340,17263
3340,17264
3340,17265
3340,17266
3340,17267
3340,17268
3340,17269
3340,17270
3340,17271
3340,17272
3340,17273
3340,17274
3340,17275
3340,17276
3340,17277
3340,17278
3340,17279
3340,17280
3340,17281
3340,17282
3340,17283
3340,17284
3340,17285
3340,17286
3340,17287
3340,17288
3340,17289
3340,17290
3340,17291
3340,17292
3340,17293
3340,17294
3340,17295
3340,17335
3340,17336
3340,17337
3340,17338
3340,17339
3340,17340
3340,17341
3340,17342
3340,17343
3340,17344
3340,17345
3340,17346
3340,17347
3340,17348
3340,17349
3340,17350
3340,17351
3340,17352
3340,17353
3340,17354
3340,17355
3340,17356
3340,17357
3340,17358
3340,17359
3340,17360
3340,17361
3340,17362
3340,17363
3340,17364
3340,17365
3341,17216
3341,17217
3341,17218
3341,17219
3341,17220
3341,17221
3341,17222
3341,17223
3341,17224
3341,17225
3341,17226
3341,17227
3341,17228
3341,17229
3341,17230
3341,17231
3341,17232
3341,17233
3341,17234
3341,17235
3341,17236
3341,17237
3341,17238
3341,17239
3341,17240
3341,17241
3341,17242
3341,17243
3341,17244
3341,17245
3341,17246
3341,17247
3341,17248
3341,17249
3341,17250
3341,17251
3341,17252
3341,17253
3341,17254
3341,17255
3341,17256
3341,17257
3341,17258
3341,17259
3341,17260
3341,17261
3341,17262
3341,17263
3341,17264
3341,17265
3341,17266
3341,17267
3341,17268
3341,17269
3341,17270
3341,17271
3341,17272
3341,17273
3341,17274
3341,17275
3341,17276
3341,17277
3341,17278
3341,17279
3341,17280
3341,17281
3341,17282
3341,17283
3341,17284
3341,17285
3341,17286
3341,17287
3341,17288
3341,17289
3341,17290
3341,17291
3341,17292
3341,17293
3341,17294
3341,17295
3341,17296
3341,17297
3341,17299
3341,17336
3341,17337
3341,17338
3341,17339
3341,17340
3341,17341
3341,17342
3341,17343
3341,17344
3341,17345
3341,17346
3341,17347
3341,17348
3341,17349
3341,17350
3341,17351
3341,17352
3341,17353
3341,17354
3341,17355
3341,17356
3341,17357
3341,17358
3341,17359
3341,17360
3341,17361
3341,17362
3341,17363
3341,17364
3341,17365
3341,17366
3342,17217
3342,17218
3342,17219
3342,17220
3342,17221
3342,17222
3342,17223
3342,17224
3342,17225
3342,17226
3342,17227
3342,17228
3342,17229
3342,17230
3342,17231
3342,17232
3342,17233
3342,17234
3342,17235
3342,17236
3342,17237
3342,17238
3342,17239
3342,17240
3342,17241
3342,17242
3342,17243
3342,17244
3342,17245
3342,17246
3342,17247
3342,17248
3342,17249
3342,17250
3342,17251
3342,17252
3342,17253
3342,17254
3342,17255
3342,17256
3342,17257
3342,17258
3342,17259
3342,17260
3342,17261
3342,17262
3342,17263
3342,17264
3342,17265
3342,17266
3342,17267
3342,17268
3342,17269
3342,17270
3342,17271
3342,17272
3342,17273
3342,17274
3342,17275
3342,17276
3342,17277
3342,17278
3342,17279
3342,17280
3342,17281
3342,17282
3342,17283
3342,17284
3342,17285
3342,17286
3342,17287
3342,17288
3342,17289
3342,17290
3342,17291
3342,17292
3342,17293
3342,17294
3342,17295
3342,17296
3342,17297
3342,17298
3342,17299
3342,17300
3342,17301
3342,17302
3342,17336
3342,17337
3342,17338
3342,17339
3342,17340
3342,17341
3342,17342
3342,17343
3342,17344
3342,17345
3342,17346
3342,17347
3342,17348
3342,17349
3342,17350
3342,17351
3342,17352
3342,17353
3342,17354
3342,17355
3342,17356
3342,17357
3342,17358
3342,17359
3342,17360
3342,17361
3342,17362
3342,17363
3342,17364
3342,17365
3343,17217
3343,17218
3343,17219
3343,17220
3343,17221
3343,17222
3343,17223
3343,17224
3343,17225
3343,17226
3343,17227
3343,17228
3343,17229
3343,17230
3343,17231
3343,17232
3343,17233
3343,17234
3343,17235
3343,17236
3343,17237
3343,17238
3343,17239
3343,17240
3343,17241
3343,17242
3343,17243
3343,17244
3343,17245
3343,17246
3343,17247
3343,17248
3343,17249
3343,17250
3343,17251
3343,17252
3343,17253
3343,17254
3343,17255
3343,17256
3343,17257
3343,17258
3343,17259
3343,17260
3343,17261
3343,17262
3343,17263
3343,17264
3343,17265
3343,17266
3343,17267
3343,17268
3343,17269
3343,17270
3343,17271
3343,17272
3343,17273
3343,17274
3343,17275
3343,17276
3343,17277
3343,17278
3343,17279
3343,17280
3343,17281
3343,17282
3343,17283
3343,17284
3343,17285
3343,17286
3343,17287
3343,17288
3343,17289
3343,17290
3343,17291
3343,17292
3343,17293
3343,17294
3343,17295
3343,17296
3343,17297
3343,17298
3343,17299
3343,17300
3343,17301
3343,17302
3343,17303
3343,17304
3343,17336
3343,17337
3343,17338
3343,17339
3343,17340
3343,17341
3343,17342
3343,17343
3343,17344
3343,17345
3343,17346
3343,17347
3343,17348
3343,17349
3343,17350
3343,17351
3343,17352
3343,17353
3343,17354
3343,17355
3343,17356
3343,17357
3343,17358
3343,17359
3343,17360
3343,17361
3343,17362
3343,17363
3343,17364
3343,17365
3343,17366
3344,17216
3344,17217
3344,17218
3344,17219
3344,17220
3344,17221
3344,17222
3344,17223
3344,17224
3344,17225
3344,17226
3344,17227
3344,17228
3344,17229
3344,17230
3344,17231
3344,17232
3344,17233
3344,17234
3344,17235
3344,17236
3344,17237
3344,17238
3344,17239
3344,17240
3344,17241
3344,17242
3344,17243
3344,17244
3344,17245
3344,17246
3344,17247
3344,17248
3344,17249
3344,17250
3344,17251
3344,17252
3344,17253
3344,17254
3344,17255
3344,17256
3344,17257
3344,17258
3344,17259
3344,17260
3344,17261
3344,17262
3344,17263
3344,17264
3344,17265
3344,17266
3344,17267
3344,17268
3344,17269
3344,17270
3344,17271
3344,17272
3344,17273
3344,17274
3344,17275
3344,17276
3344,17277
3344,17278
3344,17279
3344,17280
3344,17281
3344,17282
3344,17283
3344,17284
3344,17285
3344,17286
3344,17287
3344,17288
3344,17289
3344,17290
3344,17291
3344,17292
3344,17293
3344,17294
3344,17295
3344,17296
3344,17297
3344,17298
3344,17299
3344,17300
3344,17301
3344,17302
3344,17303
3344,17304
3344,17305
3344,17337
3344,17338
3344,17339
3344,17340
3344,17341
3344,17342
3344,17343
3344,17344
3344,17345
3344,17346
3344,17347
3344,17348
3344,17349
3344,17350
3344,17351
3344,17352
3344,17353
3344,17354
3344,17355
3344,17356
3344,17357
3344,17358
3344,17359
3344,17360
3344,17361
3344,17362
3344,17363
3344,17364
3344,17365
3344,17366
3345,17215
3345,17216
3345,17217
3345,17218
3345,17219
3345,17220
3345,17221
3345,17222
3345,17223
3345,17224
3345,17225
3345,17226
3345,17227
3345,17228
3345,17229
3345,17230
3345,17231
3345,17232
3345,17233
3345,17234
3345,17235
3345,17236
3345,17237
3345,17238
3345,17239
3345,17240
3345,17241
3345,17242
3345,17243
3345,17244
3345,17245
3345,17246
3345,17247
3345,17248
3345,17249
3345,17250
3345,17251
3345,17252
3345,17253
3345,17254
3345,17255
3345,17256
3345,17257
3345,17258
3345,17259
3345,17260
3345,17261
3345,17262
3345,17263
3345,17264
3345,17265
3345,17266
3345,17267
3345,17268
3345,17269
3345,17270
3345,17271
3345,17272
3345,17273
3345,17274
3345,17275
3345,17276
3345,17277
3345,17278
3345,17279
3345,17280
3345,17281
3345,17282
3345,17283
3345,17284
3345,17285
3345,17286
3345,17287
3345,17288
3345,17289
3345,17290
3345,17291
3345,17292
3345,17293
3345,17294
3345,17295
3345,17296
3345,17297
3345,17298
3345,17299
3345,17300
3345,17301
3345,17302
3345,17303
3345,17304
3345,17305
3345,17306
3345,17338
3345,17339
3345,17340
3345,17341
3345,17342
3345,17343
3345,17344
3345,17345
3345,17346
3345,17347
3345,17348
3345,17349
3345,17350
3345,17351
3345,17352
3345,17353
3345,17354
3345,17355
3345,17356
3345,17357
3345,17358
3345,17359
3345,17360
3345,17361
3345,17362
3345,17363
3345,17364
3345,17365
3345,17366
3346,17213
3346,17214
3346,17215
3346,17216
3346,17217
3346,17218
3346,17219
3346,17220
3346,17221
3346,17222
3346,17223
3346,17224
3346,17225
3346,17226
3346,17227
3346,17228
3346,17229
3346,17230
3346,17231
3346,17232
3346,17233
3346,17234
3346,17235
3346,17236
3346,17237
3346,17238
3346,17239
3346,17240
3346,17241
3346,17242
3346,17243
3346,17244
3346,17245
3346,17246
3346,17247
3346,17248
3346,17249
3346,17250
3346,17251
3346,17252
3346,17253
3346,17254
3346,17255
3346,17256
3346,17257
3346,17258
3346,17259
3346,17260
3346,17261
3346,17262
3346,17263
3346,17264
3346,17265
3346,17266
3346,17267
3346,17268
3346,17269
3346,17270
3346,17271
3346,17272
3346,17273
3346,17274
3346,17275
3346,17276
3346,17277
3346,17278
3346,17279
3346,17280
3346,17281
3346,17282
3346,17283
3346,17284
3346,17285
3346,17286
3346,17287
3346,17288
3346,17289
3346,17290
3346,17291
3346,17292
3346,17293
3346,17294
3346,17295
3346,17296
3346,17297
3346,17298
3346,17299
3346,17300
3346,17301
3346,17302
3346,17303
3346,17304
3346,17305
3346,17306
3346,17341
3346,17342
3346,17343
3346,17344
3346,17345
3346,17346
3346,17347
3346,17348
3346,17349
3346,17350
3346,17351
3346,17352
3346,17353
3346,17354
3346,17355
3346,17356
3346,17357
3346,17358
3346,17359
3346,17360
3346,17361
3346,17362
3346,17363
3346,17364
3346,17365
3346,17366
3346,17367
3347,17212
3347,17213
3347,17214
3347,17215
3347,17216
3347,17217
3347,17218
3347,17219
3347,17220
3347,17221
3347,17222
3347,17223
3347,17224
3347,17225
3347,17226
3347,17227
3347,17228
3347,17229
3347,17230
3347,17231
3347,17232
3347,17233
3347,17234
3347,17235
3347,17236
3347,17237
3347,17238
3347,17239
3347,17240
3347,17241
3347,17242
3347,17243
3347,17244
3347,17245
3347,17246
3347,17247
3347,17248
3347,17249
3347,17250
3347,17251
3347,17252
3347,17253
3347,17254
3347,17255
3347,17256
3347,17257
3347,17258
3347,17259
3347,17260
3347,17261
3347,17262
3347,17263
3347,17264
3347,17265
3347,17266
3347,17267
3347,17268
3347,17269
3347,17270
3347,17271
3347,17272
3347,17273
3347,17274
3347,17275
3347,17276
3347,17277
3347,17278
3347,17279
3347,17280
3347,17281
3347,17282
3347,17283
3347,17284
3347,17285
3347,17286
3347,17287
3347,17288
3347,17289
3347,17290
3347,17291
3347,17292
3347,17293
3347,17294
3347,17295
3347,17296
3347,17297
3347,17298
3347,17299
3347,17300
3347,17301
3347,17302
3347,17303
3347,17304
3347,17305
3347,17306
3347,17307
3347,17340
3347,17341
3347,17342
3347,17343
3347,17344
3347,17345
3347,17346
3347,17347
3347,17348
3347,17349
3347,17350
3347,17351
3347,17352
3347,17353
3347,17354
3347,17355
3347,17356
3347,17357
3347,17358
3347,17359
3347,17360
3347,17361
3347,17362
3347,17363
3347,17364
3347,17365
3347,17366
3347,17367
3347,17368
3348,17211
3348,17212
3348,17213
3348,17214
3348,17215
3348,17216
3348,17217
3348,17218
3348,17219
3348,17220
3348,17221
3348,17222
3348,17223
3348,17224
3348,17225
3348,17226
3348,17227
3348,17228
3348,17229
3348,17230
3348,17231
3348,17232
3348,17233
3348,17234
3348,17235
3348,17236
3348,17237
3348,17238
3348,17239
3348,17240
3348,17241
3348,17242
3348,17243
3348,17244
3348,17245
3348,17246
3348,17247
3348,17248
3348,17249
3348,17250
3348,17251
3348,17252
3348,17253
3348,17254
3348,17255
3348,17256
3348,17257
3348,17258
3348,17259
3348,17260
3348,17261
3348,17262
3348,17263
3348,17264
3348,17265
3348,17266
3348,17267
3348,17268
3348,17269
3348,17270
3348,17271
3348,17272
3348,17273
3348,17274
3348,17275
3348,17276
3348,17277
3348,17278
3348,17279
3348,17280
3348,17281
3348,17282
3348,17283
3348,17284
3348,17285
3348,17286
3348,17287
3348,17288
3348,17289
3348,17290
3348,17291
3348,17292
3348,17293
3348,17294
3348,17295
3348,17296
3348,17297
3348,17298
3348,17299
3348,17300
3348,17301
3348,17302
3348,17303
3348,17304
3348,17305
3348,17306
3348,17307
3348,17338
3348,17339
3348,17340
3348,17341
3348,17342
3348,17343
3348,17344
3348,17345
3348,17346
3348,17347
3348,17348
3348,17349
3348,17350
3348,17351
3348,17352
3348,17353
3348,17354
3348,17355
3348,17356
3348,17357
3348,17358
3348,17359
3348,17360
3348,17361
3348,17362
3348,17363
3348,17364
3348,17365
3348,17366
3348,17367
3348,17368
3348,17369
3349,17211
3349,17212
3349,17213
3349,17214
3349,17215
3349,17216
3349,17217
3349,17218
3349,17219
3349,17220
3349,17221
3349,17222
3349,17223
3349,17224
3349,17225
3349,17226
3349,17227
3349,17228
3349,17229
3349,17230
3349,17231
3349,17232
3349,17233
3349,17234
3349,17235
3349,17236
3349,17237
3349,17238
3349,17239
3349,17240
3349,17241
3349,17242
3349,17243
3349,17244
3349,17245
3349,17246
3349,17247
3349,17248
3349,17249
3349,17250
3349,17251
3349,17252
3349,17253
3349,17254
3349,17255
3349,17256
3349,17257
3349,17258
3349,17259
3349,17260
3349,17261
3349,17262
3349,17263
3349,17264
3349,17265
3349,17266
3349,17267
3349,17268
3349,17269
3349,17270
3349,17271
3349,17272
3349,17273
3349,17274
3349,17275
3349,17276
3349,17277
3349,17278
3349,17279
3349,17280
3349,17281
3349,17282
3349,17283
3349,17284
3349,17285
3349,17286
3349,17287
3349,17288
3349,17289
3349,17290
3349,17291
3349,17292
3349,17293
3349,17294
3349,17295
3349,17296
3349,17297
3349,17298
3349,17299
3349,17300
3349,17301
3349,17302
3349,17303
3349,17304
3349,17305
3349,17306
3349,17307
3349,17308
3349,17337
3349,17338
3349,17339
3349,17340
3349,17341
3349,17342
3349,17343
3349,17344
3349,17345
3349,17346
3349,17347
3349,17348
3349,17349
3349,17350
3349,17351
3349,17352
3349,17353
3349,17354
3349,17355
3349,17356
3349,17357
3349,17358
3349,17359
3349,17360
3349,17361
3349,17362
3349,17363
3349,17364
3349,17365
3349,17366
3349,17367
3349,17368
3349,17369
3349,17370
3349,17371
3350,17211
3350,17212
3350,17213
3350,17214
3350,17215
3350,17216
3350,17217
3350,17218
3350,17219
3350,17220
3350,17221
3350,17222
3350,17223
3350,17224
3350,17225
3350,17226
3350,17227
3350,17228
3350,17229
3350,17230
3350,17231
3350,17232
3350,17233
3350,17234
3350,17235
3350,17236
3350,17237
3350,17238
3350,17239
3350,17240
3350,17241
3350,17242
3350,17243
3350,17244
3350,17245
3350,17246
3350,17247
3350,17248
3350,17249
3350,17250
3350,17251
3350,17252
3350,17253
3350,17254
3350,17255
3350,17256
3350,17257
3350,17258
3350,17259
3350,17260
3350,17261
3350,17262
3350,17263
3350,17264
3350,17265
3350,17266
3350,17267
3350,17268
3350,17269
3350,17270
3350,17271
3350,17272
3350,17273
3350,17274
3350,17275
3350,17276
3350,17277
3350,17278
3350,17279
3350,17280
3350,17281
3350,17282
3350,17283
3350,17284
3350,17285
3350,17286
3350,17287
3350,17288
3350,17289
3350,17290
3350,17291
3350,17292
3350,17293
3350,17294
3350,17295
3350,17296
3350,17297
3350,17298
3350,17299
3350,17300
3350,17301
3350,17302
3350,17303
3350,17304
3350,17305
3350,17306
3350,17307
3350,17308
3350,17336
3350,17337
3350,17338
3350,17339
3350,17340
3350,17341
3350,17342
3350,17343
3350,17344
3350,17345
3350,17346
3350,17347
3350,17348
3350,17349
3350,17350
3350,17351
3350,17352
3350,17353
3350,17354
3350,17355
3350,17356
3350,17357
3350,17358
3350,17359
3350,17360
3350,17361
3350,17362
3350,17363
3350,17364
3350,17365
3350,17366
3350,17367
3350,17368
3350,17369
3350,17370
3350,17371
3350,17372
3351,17210
3351,17211
3351,17212
3351,17213
3351,17214
3351,17215
3351,17216
3351,17217
3351,17218
3351,17219
3351,17220
3351,17221
3351,17222
3351,17223
3351,17224
3351,17225
3351,17226
3351,17227
3351,17228
3351,17229
3351,17230
3351,17231
3351,17232
3351,17233
3351,17234
3351,17235
3351,17236
3351,17237
3351,17238
3351,17239
3351,17240
3351,17241
3351,17242
3351,17243
3351,17244
3351,17245
3351,17246
3351,17247
3351,17248
3351,17249
3351,17250
3351,17251
3351,17252
3351,17253
3351,17254
3351,17255
3351,17256
3351,17257
3351,17258
3351,17259
3351,17260
3351,17261
3351,17262
3351,17263
3351,17264
3351,17265
3351,17266
3351,17267
3351,17268
3351,17269
3351,17270
3351,17271
3351,17272
3351,17273
3351,17274
3351,17275
3351,17276
3351,17277
3351,17278
3351,17279
3351,17280
3351,17281
3351,17282
3351,17283
3351,17284
3351,17285
3351,17286
3351,17287
3351,17288
3351,17289
3351,17290
3351,17291
3351,17292
3351,17293
3351,17294
3351,17295
3351,17296
3351,17297
3351,17298
3351,17299
3351,17300
3351,17301
3351,17302
3351,17303
3351,17304
3351,17305
3351,17306
3351,17307
3351,17308
3351,17309
3351,17310
3351,17311
3351,17335
3351,17336
3351,17337
3351,17338
3351,17339
3351,17340
3351,17341
3351,17342
3351,17343
3351,17344
3351,17345
3351,17346
3351,17347
3351,17348
3351,17349
3351,17350
3351,17351
3351,17352
3351,17353
3351,17354
3351,17355
3351,17356
3351,17357
3351,17358
3351,17359
3351,17360
3351,17361
3351,17362
3351,17363
3351,17364
3351,17365
3351,17366
3351,17367
3351,17368
3351,17369
3351,17370
3351,17371
3351,17372
3351,17373
3352,17211
3352,17212
3352,17213
3352,17214
3352,17215
3352,17216
3352,17217
3352,17218
3352,17219
3352,17220
3352,17221
3352,17222
3352,17223
3352,17224
3352,17225
3352,17226
3352,17227
3352,17228
3352,17229
3352,17230
3352,17231
3352,17232
3352,17233
3352,17234
3352,17235
3352,17236
3352,17237
3352,17238
3352,17239
3352,17240
3352,17241
3352,17242
3352,17243
3352,17244
3352,17245
3352,17246
3352,17247
3352,17248
3352,17249
3352,17250
3352,17251
3352,17252
3352,17253
3352,17254
3352,17255
3352,17256
3352,17257
3352,17258
3352,17259
3352,17260
3352,17261
3352,17262
3352,17263
3352,17264
3352,17265
3352,17266
3352,17267
3352,17268
3352,17269
3352,17270
3352,17271
3352,17272
3352,17273
3352,17274
3352,17275
3352,17276
3352,17277
3352,17278
3352,17279
3352,17280
3352,17281
3352,17282
3352,17283
3352,17284
3352,17285
3352,17286
3352,17287
3352,17288
3352,17289
3352,17290
3352,17291
3352,17292
3352,17293
3352,17294
3352,17295
3352,17296
3352,17297
3352,17298
3352,17299
3352,17300
3352,17301
3352,17302
3352,17303
3352,17304
3352,17305
3352,17306
3352,17307
3352,17308
3352,17309
3352,17310
3352,17311
3352,17312
3352,17335
3352,17336
3352,17337
3352,17338
3352,17339
3352,17340
3352,17341
3352,17342
3352,17343
3352,17344
3352,17345
3352,17346
3352,17347
3352,17348
3352,17349
3352,17350
3352,17351
3352,17352
3352,17353
3352,17354
3352,17355
3352,17356
3352,17357
3352,17358
3352,17359
3352,17360
3352,17361
3352,17362
3352,17363
3352,17364
3352,17365
3352,17366
3352,17367
3352,17368
3352,17369
3352,17370
3352,17371
3352,17372
3352,17373
3353,17211
3353,17212
3353,17213
3353,17214
3353,17215
3353,17216
3353,17217
3353,17218
3353,17219
3353,17220
3353,17221
3353,17222
3353,17223
3353,17224
3353,17225
3353,17226
3353,17227
3353,17228
3353,17229
3353,17230
3353,17231
3353,17232
3353,17233
3353,17234
3353,17235
3353,17236
3353,17237
3353,17238
3353,17239
3353,17240
3353,17241
3353,17242
3353,17243
3353,17244
3353,17245
3353,17246
3353,17247
3353,17248
3353,17249
3353,17250
3353,17251
3353,17252
3353,17253
3353,17254
3353,17255
3353,17256
3353,17257
3353,17258
3353,17259
3353,17260
3353,17261
3353,17262
3353,17263
3353,17264
3353,17265
3353,17266
3353,17267
3353,17268
3353,17269
3353,17270
3353,17271
3353,17272
3353,17273
3353,17274
3353,17275
3353,17276
3353,17277
3353,17278
3353,17279
3353,17280
3353,17281
3353,17282
3353,17283
3353,17284
3353,17285
3353,17286
3353,17287
3353,17288
3353,17289
3353,17290
3353,17291
3353,17292
3353,17293
3353,17294
3353,17295
3353,17296
3353,17297
3353,17298
3353,17299
3353,17300
3353,17301
3353,17302
3353,17303
3353,17304
3353,17305
3353,17306
3353,17307
3353,17308
3353,17309
3353,17310
3353,17311
3353,17312
3353,17313
3353,17314
3353,17322
3353,17329
3353,17330
3353,17334
3353,17335
3353,17336
3353,17337
3353,17338
3353,17339
3353,17340
3353,17341
3353,17342
3353,17343
3353,17344
3353,17345
3353,17346
3353,17347
3353,17348
3353,17349
3353,17350
3353,17351
3353,17352
3353,17353
3353,17354
3353,17355
3353,17356
3353,17357
3353,17358
3353,17359
3353,17360
3353,17361
3353,17362
3353,17363
3353,17364
3353,17365
3353,17366
3353,17367
3353,17368
3353,17369
3353,17370
3353,17371
3353,17372
3353,17373
3353,17374
3354,17211
3354,17212
3354,17213
3354,17214
3354,17215
3354,17216
3354,17217
3354,17218
3354,17219
3354,17220
3354,17221
3354,17222
3354,17223
3354,17224
3354,17225
3354,17226
3354,17227
3354,17228
3354,17229
3354,17230
3354,17231
3354,17232
3354,17233
3354,17234
3354,17235
3354,17236
3354,17237
3354,17238
3354,17239
3354,17240
3354,17241
3354,17242
3354,17243
3354,17244
3354,17245
3354,17246
3354,17247
3354,17248
3354,17249
3354,17250
3354,17251
3354,17252
3354,17253
3354,17254
3354,17255
3354,17256
3354,17257
3354,17258
3354,17259
3354,17260
3354,17261
3354,17262
3354,17263
3354,17264
3354,17265
3354,17266
3354,17267
3354,17268
3354,17269
3354,17270
3354,17271
3354,17272
3354,17273
3354,17274
3354,17275
3354,17276
3354,17277
3354,17278
3354,17279
3354,17280
3354,17281
3354,17282
3354,17283
3354,17284
3354,17285
3354,17286
3354,17287
3354,17288
3354,17289
3354,17290
3354,17291
3354,17292
3354,17293
3354,17294
3354,17295
3354,17296
3354,17297
3354,17298
3354,17299
3354,17300
3354,17301
3354,17302
3354,17303
3354,17304
3354,17305
3354,17306
3354,17307
3354,17308
3354,17309
3354,17310
3354,17311
3354,17312
3354,17313
3354,17314
3354,17315
3354,17316
3354,17317
3354,17319
3354,17320
3354,17321
3354,17322
3354,17323
3354,17324
3354,17325
3354,17326
3354,17327
3354,17328
3354,17329
3354,17330
3354,17331
3354,17332
3354,17333
3354,17334
3354,17335
3354,17336
3354,17337
3354,17338
3354,17339
3354,17340
3354,17341
3354,17342
3354,17343
3354,17344
3354,17345
3354,17346
3354,17347
3354,17348
3354,17349
3354,17350
3354,17351
3354,17352
3354,17353
3354,17354
3354,17355
3354,17356
3354,17357
3354,17358
3354,17359
3354,17360
3354,17361
3354,17362
3354,17363
3354,17364
3354,17365
3354,17366
3354,17367
3354,17368
3354,17369
3354,17370
3354,17371
3354,17372
3354,17373
3354,17374
3354,17375
3355,17211
3355,17212
3355,17213
3355,17214
3355,17215
3355,17216
3355,17217
3355,17218
3355,17219
3355,17220
3355,17221
3355,17222
3355,17223
3355,17224
3355,17225
3355,17226
3355,17227
3355,17228
3355,17229
3355,17230
3355,17231
3355,17232
3355,17233
3355,17234
3355,17235
3355,17236
3355,17237
3355,17238
3355,17239
3355,17240
3355,17241
3355,17242
3355,17243
3355,17244
3355,17245
3355,17246
3355,17247
3355,17248
3355,17249
3355,17250
3355,17251
3355,17252
3355,17253
3355,17254
3355,17255
3355,17256
3355,17257
3355,17258
3355,17259
3355,17260
3355,17261
3355,17262
3355,17263
3355,17264
3355,17265
3355,17266
3355,17267
3355,17268
3355,17269
3355,17270
3355,17271
3355,17272
3355,17273
3355,17274
3355,17275
3355,17276
3355,17277
3355,17278
3355,17279
3355,17280
3355,17281
3355,17282
3355,17283
3355,17284
3355,17285
3355,17286
3355,17287
3355,17288
3355,17289
3355,17290
3355,17291
3355,17292
3355,17293
3355,17294
3355,17295
3355,17296
3355,17297
3355,17298
3355,17299
3355,17300
3355,17301
3355,17302
3355,17303
3355,17304
3355,17305
3355,17306
3355,17307
3355,17308
3355,17309
3355,17310
3355,17311
3355,17312
3355,17313
3355,17314
3355,17315
3355,17316
3355,17317
3355,17318
3355,17319
3355,17320
3355,17321
3355,17322
3355,17323
3355,17324
3355,17325
3355,17326
3355,17327
3355,17328
3355,17329
3355,17330
3355,17331
3355,17332
3355,17333
3355,17334
3355,17335
3355,17336
3355,17337
3355,17338
3355,17339
3355,17340
3355,17341
3355,17342
3355,17343
3355,17344
3355,17345
3355,17346
3355,17347
3355,17348
3355,17349
3355,17350
3355,17351
3355,17352
3355,17353
3355,17354
3355,17355
3355,17356
3355,17357
3355,17358
3355,17359
3355,17360
3355,17361
3355,17362
3355,17363
3355,17364
3355,17365
3355,17366
3355,17367
3355,17368
3355,17369
3355,17370
3355,17371
3355,17372
3355,17373
3355,17374
3355,17375
3355,17376
3355,17377
3356,17210
3356,17211
3356,17212
3356,17213
3356,17214
3356,17215
3356,17216
3356,17217
3356,17218
3356,17219
3356,17220
3356,17221
3356,17222
3356,17223
3356,17224
3356,17225
3356,17226
3356,17227
3356,17228
3356,17229
3356,17230
3356,17231
3356,17232
3356,17233
3356,17234
3356,17235
3356,17236
3356,17237
3356,17238
3356,17239
3356,17240
3356,17241
3356,17242
3356,17243
3356,17244
3356,17245
3356,17246
3356,17247
3356,17248
3356,17249
3356,17250
3356,17251
3356,17252
3356,17253
3356,17254
3356,17255
3356,17256
3356,17257
3356,17258
3356,17259
3356,17260
3356,17261
3356,17262
3356,17263
3356,17264
3356,17265
3356,17266
3356,17267
3356,17268
3356,17269
3356,17270
3356,17271
3356,17272
3356,17273
3356,17274
3356,17275
3356,17276
3356,17277
3356,17278
3356,17279
3356,17280
3356,17281
3356,17282
3356,17283
3356,17284
3356,17285
3356,17286
3356,17287
3356,17288
3356,17289
3356,17290
3356,17291
3356,17292
3356,17293
3356,17294
3356,17295
3356,17296
3356,17297
3356,17298
3356,17299
3356,17300
3356,17301
3356,17302
3356,17303
3356,17304
3356,17305
3356,17306
3356,17307
3356,17308
3356,17309
3356,17310
3356,17311
3356,17312
3356,17313
3356,17314
3356,17315
3356,17316
3356,17317
3356,17318
3356,17319
3356,17320
3356,17321
3356,17322
3356,17323
3356,17324
3356,17325
3356,17326
3356,17327
3356,17328
3356,17329
3356,17330
3356,17331
3356,17332
3356,17333
3356,17334
3356,17335
3356,17336
3356,17337
3356,17338
3356,17339
3356,17340
3356,17341
3356,17342
3356,17343
3356,17344
3356,17345
3356,17346
3356,17347
3356,17348
3356,17349
3356,17350
3356,17351
3356,17352
3356,17353
3356,17354
3356,17355
3356,17356
3356,17357
3356,17358
3356,17359
3356,17360
3356,17361
3356,17362
3356,17363
3356,17364
3356,17365
3356,17366
3356,17367
3356,17368
3356,17369
3356,17370
3356,17371
3356,17372
3356,17373
3356,17374
3356,17375
3356,17376
3356,17377
3356,17378
3356,17379
3356,17380
3357,17210
3357,17211
3357,17212
3357,17213
3357,17214
3357,17215
3357,17216
3357,17217
3357,17218
3357,17219
3357,17220
3357,17221
3357,17222
3357,17223
3357,17224
3357,17225
3357,17226
3357,17227
3357,17228
3357,17229
3357,17230
3357,17231
3357,17232
3357,17233
3357,17234
3357,17235
3357,17236
3357,17237
3357,17238
3357,17239
3357,17240
3357,17241
3357,17242
3357,17243
3357,17244
3357,17245
3357,17246
3357,17247
3357,17248
3357,17249
3357,17250
3357,17251
3357,17252
3357,17253
3357,17254
3357,17255
3357,17256
3357,17257
3357,17258
3357,17259
3357,17260
3357,17261
3357,17262
3357,17263
3357,17264
3357,17265
3357,17266
3357,17267
3357,17268
3357,17269
3357,17270
3357,17271
3357,17272
3357,17273
3357,17274
3357,17275
3357,17276
3357,17277
3357,17278
3357,17279
3357,17280
3357,17281
3357,17282
3357,17283
3357,17284
3357,17285
3357,17286
3357,17287
3357,17288
3357,17289
3357,17290
3357,17291
3357,17292
3357,17293
3357,17294
3357,17295
3357,17296
3357,17297
3357,17298
3357,17299
3357,17300
3357,17301
3357,17302
3357,17303
3357,17304
3357,17305
3357,17306
3357,17307
3357,17308
3357,17309
3357,17310
3357,17311
3357,17312
3357,17313
3357,17314
3357,17315
3357,17316
3357,17317
3357,17318
3357,17319
3357,17320
3357,17321
3357,17322
3357,17323
3357,17324
3357,17325
3357,17326
3357,17327
3357,17328
3357,17329
3357,17330
3357,17331
3357,17332
3357,17333
3357,17334
3357,17335
3357,17336
3357,17337
3357,17338
3357,17339
3357,17340
3357,17341
3357,17342
3357,17343
3357,17344
3357,17345
3357,17346
3357,17347
3357,17348
3357,17349
3357,17350
3357,17351
3357,17352
3357,17353
3357,17354
3357,17355
3357,17356
3357,17357
3357,17358
3357,17359
3357,17360
3357,17361
3357,17362
3357,17363
3357,17364
3357,17365
3357,17366
3357,17367
3357,17368
3357,17369
3357,17370
3357,17371
3357,17372
3357,17373
3357,17374
3357,17375
3357,17376
3357,17377
3357,17378
3357,17379
3357,17380
3357,17381
3357,17382
3358,17210
3358,17211
3358,17212
3358,17213
3358,17214
3358,17215
3358,17216
3358,17217
3358,17218
3358,17219
3358,17220
3358,17221
3358,17222
3358,17223
3358,17224
3358,17225
3358,17226
3358,17227
3358,17228
3358,17229
3358,17230
3358,17231
3358,17232
3358,17233
3358,17234
3358,17235
3358,17236
3358,17237
3358,17238
3358,17239
3358,17240
3358,17241
3358,17242
3358,17243
3358,17244
3358,17245
3358,17246
3358,17247
3358,17248
3358,17249
3358,17250
3358,17251
3358,17252
3358,17253
3358,17254
3358,17255
3358,17256
3358,17257
3358,17258
3358,17259
3358,17260
3358,17261
3358,17262
3358,17263
3358,17264
3358,17265
3358,17266
3358,17267
3358,17268
3358,17269
3358,17270
3358,17271
3358,17272
3358,17273
3358,17274
3358,17275
3358,17276
3358,17277
3358,17278
3358,17279
3358,17280
3358,17281
3358,17282
3358,17283
3358,17284
3358,17285
3358,17286
3358,17287
3358,17288
3358,17289
3358,17290
3358,17291
3358,17292
3358,17293
3358,17294
3358,17295
3358,17296
3358,17297
3358,17298
3358,17299
3358,17300
3358,17301
3358,17302
3358,17303
3358,17304
3358,17305
3358,17306
3358,17307
3358,17308
3358,17309
3358,17310
3358,17311
3358,17312
3358,17313
3358,17314
3358,17315
3358,17316
3358,17317
3358,17318
3358,17319
3358,17320
3358,17321
3358,17322
3358,17323
3358,17324
3358,17325
3358,17326
3358,17327
3358,17328
3358,17329
3358,17330
3358,17331
3358,17332
3358,17333
3358,17334
3358,17335
3358,17336
3358,17337
3358,17338
3358,17339
3358,17340
3358,17341
3358,17342
3358,17343
3358,17344
3358,17345
3358,17346
3358,17347
3358,17348
3358,17349
3358,17350
3358,17351
3358,17352
3358,17353
3358,17354
3358,17355
3358,17356
3358,17357
3358,17358
3358,17359
3358,17360
3358,17361
3358,17362
3358,17363
3358,17364
3358,17365
3358,17366
3358,17367
3358,17368
3358,17369
3358,17370
3358,17371
3358,17372
3358,17373
3358,17374
3358,17375
3358,17376
3358,17377
3358,17378
3358,17379
3358,17380
3358,17381
3358,17382
3358,17383
3359,17210
3359,17211
3359,17212
3359,17213
3359,17214
3359,17215
3359,17216
3359,17217
3359,17218
3359,17219
3359,17220
3359,17221
3359,17222
3359,17223
3359,17224
3359,17225
3359,17226
3359,17227
3359,17228
3359,17229
3359,17230
3359,17231
3359,17232
3359,17233
3359,17234
3359,17235
3359,17236
3359,17237
3359,17238
3359,17239
3359,17240
3359,17241
3359,17242
3359,17243
3359,17244
3359,17245
3359,17246
3359,17247
3359,17248
3359,17249
3359,17250
3359,17251
3359,17252
3359,17253
3359,17254
3359,17255
3359,17256
3359,17257
3359,17258
3359,17259
3359,17260
3359,17261
3359,17262
3359,17263
3359,17264
3359,17265
3359,17266
3359,17267
3359,17268
3359,17269
3359,17270
3359,17271
3359,17272
3359,17273
3359,17274
3359,17275
3359,17276
3359,17277
3359,17278
3359,17279
3359,17280
3359,17281
3359,17282
3359,17283
3359,17284
3359,17285
3359,17286
3359,17287
3359,17288
3359,17289
3359,17290
3359,17291
3359,17292
3359,17293
3359,17294
3359,17295
3359,17296
3359,17297
3359,17298
3359,17299
3359,17300
3359,17301
3359,17302
3359,17303
3359,17304
3359,17305
3359,17306
3359,17307
3359,17308
3359,17309
3359,17310
3359,17311
3359,17312
3359,17313
3359,17314
3359,17315
3359,17316
3359,17317
3359,17318
3359,17319
3359,17320
3359,17321
3359,17322
3359,17323
3359,17324
3359,17325
3359,17326
3359,17327
3359,17328
3359,17329
3359,17330
3359,17331
3359,17332
3359,17333
3359,17334
3359,17335
3359,17336
3359,17337
3359,17338
3359,17339
3359,17340
3359,17341
3359,17342
3359,17343
3359,17344
3359,17345
3359,17346
3359,17347
3359,17348
3359,17349
3359,17350
3359,17351
3359,17352
3359,17353
3359,17354
3359,17355
3359,17356
3359,17357
3359,17358
3359,17359
3359,17360
3359,17361
3359,17362
3359,17363
3359,17364
3359,17365
3359,17366
3359,17367
3359,17368
3359,17369
3359,17370
3359,17371
3359,17372
3359,17373
3359,17374
3359,17375
3359,17376
3359,17377
3359,17378
3359,17379
3359,17380
3359,17381
3359,17382
3359,17383
3359,17384
3360,17211
3360,17212
3360,17213
3360,17214
3360,17215
3360,17216
3360,17217
3360,17218
3360,17219
3360,17220
3360,17221
3360,17222
3360,17223
3360,17224
3360,17225
3360,17226
3360,17227
3360,17228
3360,17229
3360,17230
3360,17231
3360,17232
3360,17233
3360,17234
3360,17235
3360,17236
3360,17237
3360,17238
3360,17239
3360,17240
3360,17241
3360,17242
3360,17243
3360,17244
3360,17245
3360,17246
3360,17247
3360,17248
3360,17249
3360,17250
3360,17251
3360,17252
3360,17253
3360,17254
3360,17255
3360,17256
3360,17257
3360,17258
3360,17259
3360,17260
3360,17261
3360,17262
3360,17263
3360,17264
3360,17265
3360,17266
3360,17267
3360,17268
3360,17269
3360,17270
3360,17271
3360,17272
3360,17273
3360,17274
3360,17275
3360,17276
3360,17277
3360,17278
3360,17279
3360,17280
3360,17281
3360,17282
3360,17283
3360,17284
3360,17285
3360,17286
3360,17287
3360,17288
3360,17289
3360,17290
3360,17291
3360,17292
3360,17293
3360,17294
3360,17295
3360,17296
3360,17297
3360,17298
3360,17299
3360,17300
3360,17301
3360,17302
3360,17303
3360,17304
3360,17305
3360,17306
3360,17307
3360,17308
3360,17309
3360,17310
3360,17311
3360,17312
3360,17313
3360,17314
3360,17315
3360,17316
3360,17317
3360,17318
3360,17319
3360,17320
3360,17321
3360,17322
3360,17323
3360,17324
3360,17325
3360,17326
3360,17327
3360,17328
3360,17329
3360,17330
3360,17331
3360,17332
3360,17333
3360,17334
3360,17335
3360,17336
3360,17337
3360,17338
3360,17339
3360,17340
3360,17341
3360,17342
3360,17343
3360,17344
3360,17345
3360,17346
3360,17347
3360,17348
3360,17349
3360,17350
3360,17351
3360,17352
3360,17353
3360,17354
3360,17355
3360,17356
3360,17357
3360,17358
3360,17359
3360,17360
3360,17361
3360,17362
3360,17363
3360,17364
3360,17365
3360,17366
3360,17367
3360,17368
3360,17369
3360,17370
3360,17371
3360,17372
3360,17373
3360,17374
3360,17375
3360,17376
3360,17377
3360,17378
3360,17379
3360,17380
3360,17381
3360,17382
3360,17383
3360,17384
3361,17211
3361,17212
3361,17213
3361,17214
3361,17215
3361,17216
3361,17217
3361,17218
3361,17219
3361,17220
3361,17221
3361,17222
3361,17223
3361,17224
3361,17225
3361,17226
3361,17227
3361,17228
3361,17229
3361,17230
3361,17231
3361,17232
3361,17233
3361,17234
3361,17235
3361,17236
3361,17237
3361,17238
3361,17239
3361,17240
3361,17241
3361,17242
3361,17243
3361,17244
3361,17245
3361,17246
3361,17247
3361,17248
3361,17249
3361,17250
3361,17251
3361,17252
3361,17253
3361,17254
3361,17255
3361,17256
3361,17257
3361,17258
3361,17259
3361,17260
3361,17261
3361,17262
3361,17263
3361,17264
3361,17265
3361,17266
3361,17267
3361,17268
3361,17269
3361,17270
3361,17271
3361,17272
3361,17273
3361,17274
3361,17275
3361,17276
3361,17277
3361,17278
3361,17279
3361,17280
3361,17281
3361,17282
3361,17283
3361,17284
3361,17285
3361,17286
3361,17287
3361,17288
3361,17289
3361,17290
3361,17291
3361,17292
3361,17293
3361,17294
3361,17295
3361,17296
3361,17297
3361,17298
3361,17299
3361,17300
3361,17301
3361,17302
3361,17303
3361,17304
3361,17305
3361,17306
3361,17307
3361,17308
3361,17309
3361,17310
3361,17311
3361,17312
3361,17313
3361,17314
3361,17315
3361,17316
3361,17317
3361,17318
3361,17319
3361,17320
3361,17321
3361,17322
3361,17323
3361,17324
3361,17325
3361,17326
3361,17327
3361,17328
3361,17329
3361,17330
3361,17331
3361,17332
3361,17333
3361,17334
3361,17335
3361,17336
3361,17337
3361,17338
3361,17339
3361,17340
3361,17341
3361,17342
3361,17343
3361,17344
3361,17345
3361,17346
3361,17347
3361,17348
3361,17349
3361,17350
3361,17351
3361,17352
3361,17353
3361,17354
3361,17355
3361,17356
3361,17357
3361,17358
3361,17359
3361,17360
3361,17361
3361,17362
3361,17363
3361,17364
3361,17365
3361,17366
3361,17367
3361,17368
3361,17369
3361,17370
3361,17371
3361,17372
3361,17373
3361,17374
3361,17375
3361,17376
3361,17377
3361,17378
3361,17379
3361,17380
3361,17381
3361,17382
3361,17383
3361,17384
3362,17212
3362,17213
3362,17214
3362,17215
3362,17216
3362,17217
3362,17218
3362,17219
3362,17220
3362,17221
3362,17222
3362,17223
3362,17224
3362,17225
3362,17226
3362,17227
3362,17228
3362,17229
3362,17230
3362,17231
3362,17232
3362,17233
3362,17234
3362,17235
3362,17236
3362,17237
3362,17238
3362,17239
3362,17240
3362,17241
3362,17242
3362,17243
3362,17244
3362,17245
3362,17246
3362,17247
3362,17248
3362,17249
3362,17250
3362,17251
3362,17252
3362,17253
3362,17254
3362,17255
3362,17256
3362,17257
3362,17258
3362,17259
3362,17260
3362,17261
3362,17262
3362,17263
3362,17264
3362,17265
3362,17266
3362,17267
3362,17268
3362,17269
3362,17270
3362,17271
3362,17272
3362,17273
3362,17274
3362,17275
3362,17276
3362,17277
3362,17278
3362,17279
3362,17280
3362,17281
3362,17282
3362,17283
3362,17284
3362,17285
3362,17286
3362,17287
3362,17288
3362,17289
3362,17290
3362,17291
3362,17292
3362,17293
3362,17294
3362,17295
3362,17296
3362,17297
3362,17298
3362,17299
3362,17300
3362,17301
3362,17302
3362,17303
3362,17304
3362,17305
3362,17306
3362,17307
3362,17308
3362,17309
3362,17310
3362,17311
3362,17312
3362,17313
3362,17314
3362,17315
3362,17316
3362,17317
3362,17318
3362,17319
3362,17320
3362,17321
3362,17322
3362,17323
3362,17324
3362,17325
3362,17326
3362,17327
3362,17328
3362,17329
3362,17330
3362,17331
3362,17332
3362,17333
3362,17334
3362,17335
3362,17336
3362,17337
3362,17338
3362,17339
3362,17340
3362,17341
3362,17342
3362,17343
3362,17344
3362,17345
3362,17346
3362,17347
3362,17348
3362,17349
3362,17350
3362,17351
3362,17352
3362,17353
3362,17354
3362,17355
3362,17356
3362,17357
3362,17358
3362,17359
3362,17360
3362,17361
3362,17362
3362,17363
3362,17364
3362,17365
3362,17366
3362,17367
3362,17368
3362,17369
3362,17370
3362,17371
3362,17372
3362,17373
3362,17374
3362,17375
3362,17376
3362,17377
3362,17378
3362,17379
3362,17380
3362,17381
3362,17382
3362,17383
3362,17384
3362,17385
3363,17213
3363,17214
3363,17215
3363,17216
3363,17217
3363,17218
3363,17219
3363,17220
3363,17221
3363,17222
3363,17223
3363,17224
3363,17225
3363,17226
3363,17227
3363,17228
3363,17229
3363,17230
3363,17231
3363,17232
3363,17233
3363,17234
3363,17235
3363,17236
3363,17237
3363,17238
3363,17239
3363,17240
3363,17241
3363,17242
3363,17243
3363,17244
3363,17245
3363,17246
3363,17247
3363,17248
3363,17249
3363,17250
3363,17251
3363,17252
3363,17253
3363,17254
3363,17255
3363,17256
3363,17257
3363,17258
3363,17259
3363,17260
3363,17261
3363,17262
3363,17263
3363,17264
3363,17265
3363,17266
3363,17267
3363,17268
3363,17269
3363,17270
3363,17271
3363,17272
3363,17273
3363,17274
3363,17275
3363,17276
3363,17277
3363,17278
3363,17279
3363,17280
3363,17281
3363,17282
3363,17283
3363,17284
3363,17285
3363,17286
3363,17287
3363,17288
3363,17289
3363,17290
3363,17291
3363,17292
3363,17293
3363,17294
3363,17295
3363,17296
3363,17297
3363,17298
3363,17299
3363,17300
3363,17301
3363,17302
3363,17303
3363,17304
3363,17305
3363,17306
3363,17307
3363,17308
3363,17309
3363,17310
3363,17311
3363,17312
3363,17313
3363,17314
3363,17315
3363,17316
3363,17317
3363,17318
3363,17319
3363,17320
3363,17321
3363,17322
3363,17323
3363,17324
3363,17325
3363,17326
3363,17327
3363,17328
3363,17329
3363,17330
3363,17331
3363,17332
3363,17333
3363,17334
3363,17335
3363,17336
3363,17337
3363,17338
3363,17339
3363,17340
3363,17341
3363,17342
3363,17343
3363,17344
3363,17345
3363,17346
3363,17347
3363,17348
3363,17349
3363,17350
3363,17351
3363,17352
3363,17353
3363,17354
3363,17355
3363,17356
3363,17357
3363,17358
3363,17359
3363,17360
3363,17361
3363,17362
3363,17363
3363,17364
3363,17365
3363,17366
3363,17367
3363,17368
3363,17369
3363,17370
3363,17371
3363,17372
3363,17373
3363,17374
3363,17375
3363,17376
3363,17377
3363,17378
3363,17379
3363,17380
3363,17381
3363,17382
3363,17383
3363,17384
3363,17385
3364,17214
3364,17215
3364,17216
3364,17217
3364,17218
3364,17219
3364,17220
3364,17221
3364,17222
3364,17223
3364,17224
3364,17225
3364,17226
3364,17227
3364,17228
3364,17229
3364,17230
3364,17231
3364,17232
3364,17233
3364,17234
3364,17235
3364,17236
3364,17237
3364,17238
3364,17239
3364,17240
3364,17241
3364,17242
3364,17243
3364,17244
3364,17245
3364,17246
3364,17247
3364,17248
3364,17249
3364,17250
3364,17251
3364,17252
3364,17253
3364,17254
3364,17255
3364,17256
3364,17257
3364,17258
3364,17259
3364,17260
3364,17261
3364,17262
3364,17263
3364,17264
3364,17265
3364,17266
3364,17267
3364,17268
3364,17269
3364,17270
3364,17271
3364,17272
3364,17273
3364,17274
3364,17275
3364,17276
3364,17277
3364,17278
3364,17279
3364,17280
3364,17281
3364,17282
3364,17283
3364,17284
3364,17285
3364,17286
3364,17287
3364,17288
3364,17289
3364,17290
3364,17291
3364,17292
3364,17293
3364,17294
3364,17295
3364,17296
3364,17297
3364,17298
3364,17299
3364,17300
3364,17301
3364,17302
3364,17303
3364,17304
3364,17305
3364,17306
3364,17307
3364,17308
3364,17309
3364,17310
3364,17311
3364,17312
3364,17313
3364,17314
3364,17315
3364,17316
3364,17317
3364,17318
3364,17319
3364,17320
3364,17321
3364,17322
3364,17323
3364,17324
3364,17325
3364,17326
3364,17327
3364,17328
3364,17329
3364,17330
3364,17331
3364,17332
3364,17333
3364,17334
3364,17335
3364,17336
3364,17337
3364,17338
3364,17339
3364,17340
3364,17341
3364,17342
3364,17343
3364,17344
3364,17345
3364,17346
3364,17347
3364,17348
3364,17349
3364,17350
3364,17351
3364,17352
3364,17353
3364,17354
3364,17355
3364,17356
3364,17357
3364,17358
3364,17359
3364,17360
3364,17361
3364,17362
3364,17363
3364,17364
3364,17365
3364,17366
3364,17367
3364,17368
3364,17369
3364,17370
3364,17371
3364,17372
3364,17373
3364,17374
3364,17375
3364,17376
3364,17377
3364,17378
3364,17379
3364,17380
3364,17381
3364,17382
3364,17383
3364,17384
3364,17385
3365,17214
3365,17215
3365,17216
3365,17217
3365,17218
3365,17219
3365,17220
3365,17221
3365,17222
3365,17223
3365,17224
3365,17225
3365,17226
3365,17227
3365,17228
3365,17229
3365,17230
3365,17231
3365,17232
3365,17233
3365,17234
3365,17235
3365,17236
3365,17237
3365,17238
3365,17239
3365,17240
3365,17241
3365,17242
3365,17243
3365,17244
3365,17245
3365,17246
3365,17247
3365,17248
3365,17249
3365,17250
3365,17251
3365,17252
3365,17253
3365,17254
3365,17255
3365,17256
3365,17257
3365,17258
3365,17259
3365,17260
3365,17261
3365,17262
3365,17263
3365,17264
3365,17265
3365,17266
3365,17267
3365,17268
3365,17269
3365,17270
3365,17271
3365,17272
3365,17273
3365,17274
3365,17275
3365,17276
3365,17277
3365,17278
3365,17279
3365,17280
3365,17281
3365,17282
3365,17283
3365,17284
3365,17285
3365,17286
3365,17287
3365,17288
3365,17289
3365,17290
3365,17291
3365,17292
3365,17293
3365,17294
3365,17295
3365,17296
3365,17297
3365,17298
3365,17299
3365,17300
3365,17301
3365,17302
3365,17303
3365,17304
3365,17305
3365,17306
3365,17307
3365,17308
3365,17309
3365,17310
3365,17311
3365,17312
3365,17313
3365,17314
3365,17315
3365,17316
3365,17317
3365,17318
3365,17319
3365,17320
3365,17321
3365,17322
3365,17323
3365,17324
3365,17325
3365,17326
3365,17327
3365,17328
3365,17329
3365,17330
3365,17331
3365,17332
3365,17333
3365,17334
3365,17335
3365,17336
3365,17337
3365,17338
3365,17339
3365,17340
3365,17341
3365,17342
3365,17343
3365,17344
3365,17345
3365,17346
3365,17347
3365,17348
3365,17349
3365,17350
3365,17351
3365,17352
3365,17353
3365,17354
3365,17355
3365,17356
3365,17357
3365,17358
3365,17359
3365,17360
3365,17361
3365,17362
3365,17363
3365,17364
3365,17365
3365,17366
3365,17367
3365,17368
3365,17369
3365,17370
3365,17371
3365,17372
3365,17373
3365,17374
3365,17375
3365,17376
3365,17377
3365,17378
3365,17379
3365,17380
3365,17381
3365,17382
3365,17383
3365,17384
3365,17385
3366,17214
3366,17215
3366,17216
3366,17217
3366,17218
3366,17219
3366,17220
3366,17221
3366,17222
3366,17223
3366,17224
3366,17225
3366,17226
3366,17227
3366,17228
3366,17229
3366,17230
3366,17231
3366,17232
3366,17233
3366,17234
3366,17235
3366,17236
3366,17237
3366,17238
3366,17239
3366,17240
3366,17241
3366,17242
3366,17243
3366,17244
3366,17245
3366,17246
3366,17247
3366,17248
3366,17249
3366,17250
3366,17251
3366,17252
3366,17253
3366,17254
3366,17255
3366,17256
3366,17257
3366,17258
3366,17259
3366,17260
3366,17261
3366,17262
3366,17263
3366,17264
3366,17265
3366,17266
3366,17267
3366,17268
3366,17269
3366,17270
3366,17271
3366,17272
3366,17273
3366,17274
3366,17275
3366,17276
3366,17277
3366,17278
3366,17279
3366,17280
3366,17281
3366,17282
3366,17283
3366,17284
3366,17285
3366,17286
3366,17287
3366,17288
3366,17289
3366,17290
3366,17291
3366,17292
3366,17293
3366,17294
3366,17295
3366,17296
3366,17297
3366,17298
3366,17299
3366,17300
3366,17301
3366,17302
3366,17303
3366,17304
3366,17305
3366,17306
3366,17307
3366,17308
3366,17309
3366,17310
3366,17311
3366,17312
3366,17313
3366,17314
3366,17315
3366,17316
3366,17317
3366,17318
3366,17319
3366,17320
3366,17321
3366,17322
3366,17323
3366,17324
3366,17325
3366,17326
3366,17327
3366,17328
3366,17329
3366,17330
3366,17331
3366,17332
3366,17333
3366,17334
3366,17335
3366,17336
3366,17337
3366,17338
3366,17339
3366,17340
3366,17341
3366,17342
3366,17343
3366,17344
3366,17345
3366,17346
3366,17347
3366,17348
3366,17349
3366,17350
3366,17351
3366,17352
3366,17353
3366,17354
3366,17355
3366,17356
3366,17357
3366,17358
3366,17359
3366,17360
3366,17361
3366,17362
3366,17363
3366,17364
3366,17365
3366,17366
3366,17367
3366,17368
3366,17369
3366,17370
3366,17371
3366,17372
3366,17373
3366,17374
3366,17375
3366,17376
3366,17377
3366,17378
3366,17379
3366,17380
3366,17381
3366,17382
3366,17383
3366,17384
3366,17385
3367,17215
3367,17216
3367,17217
3367,17218
3367,17219
3367,17220
3367,17221
3367,17222
3367,17223
3367,17224
3367,17225
3367,17226
3367,17227
3367,17228
3367,17229
3367,17230
3367,17231
3367,17232
3367,17233
3367,17234
3367,17235
3367,17236
3367,17237
3367,17238
3367,17239
3367,17240
3367,17241
3367,17242
3367,17243
3367,17244
3367,17245
3367,17246
3367,17247
3367,17248
3367,17249
3367,17250
3367,17251
3367,17252
3367,17253
3367,17254
3367,17255
3367,17256
3367,17257
3367,17258
3367,17259
3367,17260
3367,17261
3367,17262
3367,17263
3367,17264
3367,17265
3367,17266
3367,17267
3367,17268
3367,17269
3367,17270
3367,17271
3367,17272
3367,17273
3367,17274
3367,17275
3367,17276
3367,17277
3367,17278
3367,17279
3367,17280
3367,17281
3367,17282
3367,17283
3367,17284
3367,17285
3367,17286
3367,17287
3367,17288
3367,17289
3367,17290
3367,17291
3367,17292
3367,17293
3367,17294
3367,17295
3367,17296
3367,17297
3367,17298
3367,17299
3367,17300
3367,17301
3367,17302
3367,17303
3367,17304
3367,17305
3367,17306
3367,17307
3367,17308
3367,17309
3367,17310
3367,17311
3367,17312
3367,17313
3367,17314
3367,17315
3367,17316
3367,17317
3367,17318
3367,17319
3367,17320
3367,17321
3367,17322
3367,17323
3367,17324
3367,17325
3367,17326
3367,17327
3367,17328
3367,17329
3367,17330
3367,17331
3367,17332
3367,17333
3367,17334
3367,17335
3367,17336
3367,17337
3367,17338
3367,17339
3367,17340
3367,17341
3367,17342
3367,17343
3367,17344
3367,17345
3367,17346
3367,17347
3367,17348
3367,17349
3367,17350
3367,17351
3367,17352
3367,17353
3367,17354
3367,17355
3367,17356
3367,17357
3367,17358
3367,17359
3367,17360
3367,17361
3367,17362
3367,17363
3367,17364
3367,17365
3367,17366
3367,17367
3367,17368
3367,17369
3367,17370
3367,17371
3367,17372
3367,17373
3367,17374
3367,17375
3367,17376
3367,17377
3367,17378
3367,17379
3367,17380
3367,17381
3367,17382
3367,17383
3367,17384
3367,17385
3367,17386
3368,17215
3368,17216
3368,17217
3368,17218
3368,17219
3368,17220
3368,17221
3368,17222
3368,17223
3368,17224
3368,17225
3368,17226
3368,17227
3368,17228
3368,17229
3368,17230
3368,17231
3368,17232
3368,17233
3368,17234
3368,17235
3368,17236
3368,17237
3368,17238
3368,17239
3368,17240
3368,17241
3368,17242
3368,17243
3368,17244
3368,17245
3368,17246
3368,17247
3368,17248
3368,17249
3368,17250
3368,17251
3368,17252
3368,17253
3368,17254
3368,17255
3368,17256
3368,17257
3368,17258
3368,17259
3368,17260
3368,17261
3368,17262
3368,17263
3368,17264
3368,17265
3368,17266
3368,17267
3368,17268
3368,17269
3368,17270
3368,17271
3368,17272
3368,17273
3368,17274
3368,17275
3368,17276
3368,17277
3368,17278
3368,17279
3368,17280
3368,17281
3368,17282
3368,17283
3368,17284
3368,17285
3368,17286
3368,17287
3368,17288
3368,17289
3368,17290
3368,17291
3368,17292
3368,17293
3368,17294
3368,17295
3368,17296
3368,17297
3368,17298
3368,17299
3368,17300
3368,17301
3368,17302
3368,17303
3368,17304
3368,17305
3368,17306
3368,17307
3368,17308
3368,17309
3368,17310
3368,17311
3368,17312
3368,17313
3368,17314
3368,17315
3368,17316
3368,17317
3368,17318
3368,17319
3368,17320
3368,17321
3368,17322
3368,17323
3368,17324
3368,17325
3368,17326
3368,17327
3368,17328
3368,17329
3368,17330
3368,17331
3368,17332
3368,17333
3368,17334
3368,17335
3368,17336
3368,17337
3368,17338
3368,17339
3368,17340
3368,17341
3368,17342
3368,17343
3368,17344
3368,17345
3368,17346
3368,17347
3368,17348
3368,17349
3368,17350
3368,17351
3368,17352
3368,17353
3368,17354
3368,17355
3368,17356
3368,17357
3368,17358
3368,17359
3368,17360
3368,17361
3368,17362
3368,17363
3368,17364
3368,17365
3368,17366
3368,17367
3368,17368
3368,17369
3368,17370
3368,17371
3368,17372
3368,17373
3368,17374
3368,17375
3368,17376
3368,17377
3368,17378
3368,17379
3368,17380
3368,17381
3368,17382
3368,17383
3368,17384
3368,17385
3369,17216
3369,17217
3369,17218
3369,17219
3369,17220
3369,17221
3369,17222
3369,17223
3369,17224
3369,17225
3369,17226
3369,17227
3369,17228
3369,17229
3369,17230
3369,17231
3369,17232
3369,17233
3369,17234
3369,17235
3369,17236
3369,17237
3369,17238
3369,17239
3369,17240
3369,17241
3369,17242
3369,17243
3369,17244
3369,17245
3369,17246
3369,17247
3369,17248
3369,17249
3369,17250
3369,17251
3369,17252
3369,17253
3369,17254
3369,17255
3369,17256
3369,17257
3369,17258
3369,17259
3369,17260
3369,17261
3369,17262
3369,17263
3369,17264
3369,17265
3369,17266
3369,17267
3369,17268
3369,17269
3369,17270
3369,17271
3369,17272
3369,17273
3369,17274
3369,17275
3369,17276
3369,17277
3369,17278
3369,17279
3369,17280
3369,17281
3369,17282
3369,17283
3369,17284
3369,17285
3369,17286
3369,17287
3369,17288
3369,17289
3369,17290
3369,17291
3369,17292
3369,17293
3369,17294
3369,17295
3369,17296
3369,17297
3369,17298
3369,17299
3369,17300
3369,17301
3369,17302
3369,17303
3369,17304
3369,17305
3369,17306
3369,17307
3369,17308
3369,17309
3369,17310
3369,17311
3369,17312
3369,17313
3369,17314
3369,17315
3369,17316
3369,17317
3369,17318
3369,17319
3369,17320
3369,17321
3369,17322
3369,17323
3369,17324
3369,17325
3369,17326
3369,17327
3369,17328
3369,17329
3369,17330
3369,17331
3369,17332
3369,17333
3369,17334
3369,17335
3369,17336
3369,17337
3369,17338
3369,17339
3369,17340
3369,17341
3369,17342
3369,17343
3369,17344
3369,17345
3369,17346
3369,17347
3369,17348
3369,17349
3369,17350
3369,17351
3369,17352
3369,17353
3369,17354
3369,17355
3369,17356
3369,17357
3369,17358
3369,17359
3369,17360
3369,17361
3369,17362
3369,17363
3369,17364
3369,17365
3369,17366
3369,17367
3369,17368
3369,17369
3369,17370
3369,17371
3369,17372
3369,17373
3369,17374
3369,17375
3369,17376
3369,17377
3369,17378
3369,17379
3369,17380
3369,17381
3369,17382
3369,17383
3369,17384
3369,17385
3370,17217
3370,17218
3370,17219
3370,17220
3370,17221
3370,17222
3370,17223
3370,17224
3370,17225
3370,17226
3370,17227
3370,17228
3370,17229
3370,17230
3370,17231
3370,17232
3370,17233
3370,17234
3370,17235
3370,17236
3370,17237
3370,17238
3370,17239
3370,17240
3370,17241
3370,17242
3370,17243
3370,17244
3370,17245
3370,17246
3370,17247
3370,17248
3370,17249
3370,17250
3370,17251
3370,17252
3370,17253
3370,17254
3370,17255
3370,17256
3370,17257
3370,17258
3370,17259
3370,17260
3370,17261
3370,17262
3370,17263
3370,17264
3370,17265
3370,17266
3370,17267
3370,17268
3370,17269
3370,17270
3370,17271
3370,17272
3370,17273
3370,17274
3370,17275
3370,17276
3370,17277
3370,17278
3370,17279
3370,17280
3370,17281
3370,17282
3370,17283
3370,17284
3370,17285
3370,17286
3370,17287
3370,17288
3370,17289
3370,17290
3370,17291
3370,17292
3370,17293
3370,17294
3370,17295
3370,17296
3370,17297
3370,17298
3370,17299
3370,17300
3370,17301
3370,17302
3370,17303
3370,17304
3370,17305
3370,17306
3370,17307
3370,17308
3370,17309
3370,17310
3370,17311
3370,17312
3370,17313
3370,17314
3370,17315
3370,17316
3370,17317
3370,17318
3370,17319
3370,17320
3370,17321
3370,17322
3370,17323
3370,17324
3370,17325
3370,17326
3370,17327
3370,17328
3370,17329
3370,17330
3370,17331
3370,17332
3370,17333
3370,17334
3370,17335
3370,17336
3370,17337
3370,17338
3370,17339
3370,17340
3370,17341
3370,17342
3370,17343
3370,17344
3370,17345
3370,17346
3370,17347
3370,17348
3370,17349
3370,17350
3370,17351
3370,17352
3370,17353
3370,17354
3370,17355
3370,17356
3370,17357
3370,17358
3370,17359
3370,17360
3370,17361
3370,17362
3370,17363
3370,17364
3370,17365
3370,17366
3370,17367
3370,17368
3370,17369
3370,17370
3370,17371
3370,17372
3370,17373
3370,17374
3370,17375
3370,17376
3370,17377
3370,17378
3370,17379
3370,17380
3370,17381
3370,17382
3370,17383
3370,17384
3370,17385
3371,17217
3371,17218
3371,17219
3371,17220
3371,17221
3371,17222
3371,17223
3371,17224
3371,17225
3371,17226
3371,17227
3371,17228
3371,17229
3371,17230
3371,17231
3371,17232
3371,17233
3371,17234
3371,17235
3371,17236
3371,17237
3371,17238
3371,17239
3371,17240
3371,17241
3371,17242
3371,17243
3371,17244
3371,17245
3371,17246
3371,17247
3371,17248
3371,17249
3371,17250
3371,17251
3371,17252
3371,17253
3371,17254
3371,17255
3371,17256
3371,17257
3371,17258
3371,17259
3371,17260
3371,17261
3371,17262
3371,17263
3371,17264
3371,17265
3371,17266
3371,17267
3371,17268
3371,17269
3371,17270
3371,17271
3371,17272
3371,17273
3371,17274
3371,17275
3371,17276
3371,17277
3371,17278
3371,17279
3371,17280
3371,17281
3371,17282
3371,17283
3371,17284
3371,17285
3371,17286
3371,17287
3371,17288
3371,17289
3371,17290
3371,17291
3371,17292
3371,17293
3371,17294
3371,17295
3371,17296
3371,17297
3371,17298
3371,17299
3371,17300
3371,17301
3371,17302
3371,17303
3371,17304
3371,17305
3371,17306
3371,17307
3371,17308
3371,17309
3371,17310
3371,17311
3371,17312
3371,17313
3371,17314
3371,17315
3371,17316
3371,17317
3371,17318
3371,17319
3371,17320
3371,17321
3371,17322
3371,17323
3371,17324
3371,17325
3371,17326
3371,17327
3371,17328
3371,17329
3371,17330
3371,17331
3371,17332
3371,17333
3371,17334
3371,17335
3371,17336
3371,17337
3371,17338
3371,17339
3371,17340
3371,17341
3371,17342
3371,17343
3371,17344
3371,17345
3371,17346
3371,17347
3371,17348
3371,17349
3371,17350
3371,17351
3371,17352
3371,17353
3371,17354
3371,17355
3371,17356
3371,17357
3371,17358
3371,17359
3371,17360
3371,17361
3371,17362
3371,17363
3371,17364
3371,17365
3371,17366
3371,17367
3371,17368
3371,17369
3371,17370
3371,17371
3371,17372
3371,17373
3371,17374
3371,17375
3371,17376
3371,17377
3371,17378
3371,17379
3371,17380
3371,17381
3371,17382
3371,17383
3371,17384
3372,17216
3372,17217
3372,17218
3372,17219
3372,17220
3372,17221
3372,17222
3372,17223
3372,17224
3372,17225
3372,17226
3372,17227
3372,17228
3372,17229
3372,17230
3372,17231
3372,17232
3372,17233
3372,17234
3372,17235
3372,17236
3372,17237
3372,17238
3372,17239
3372,17240
3372,17241
3372,17242
3372,17243
3372,17244
3372,17245
3372,17246
3372,17247
3372,17248
3372,17249
3372,17250
3372,17251
3372,17252
3372,17253
3372,17254
3372,17255
3372,17256
3372,17257
3372,17258
3372,17259
3372,17260
3372,17261
3372,17262
3372,17263
3372,17264
3372,17265
3372,17266
3372,17267
3372,17268
3372,17269
3372,17270
3372,17271
3372,17272
3372,17273
3372,17274
3372,17275
3372,17276
3372,17277
3372,17278
3372,17279
3372,17280
3372,17281
3372,17282
3372,17283
3372,17284
3372,17285
3372,17286
3372,17287
3372,17288
3372,17289
3372,17290
3372,17291
3372,17292
3372,17293
3372,17294
3372,17295
3372,17296
3372,17297
3372,17298
3372,17299
3372,17300
3372,17301
3372,17302
3372,17303
3372,17304
3372,17305
3372,17306
3372,17307
3372,17308
3372,17309
3372,17310
3372,17311
3372,17312
3372,17313
3372,17314
3372,17315
3372,17316
3372,17317
3372,17318
3372,17319
3372,17320
3372,17321
3372,17322
3372,17323
3372,17324
3372,17325
3372,17326
3372,17327
3372,17328
3372,17329
3372,17330
3372,17331
3372,17332
3372,17333
3372,17334
3372,17335
3372,17336
3372,17337
3372,17338
3372,17339
3372,17340
3372,17341
3372,17342
3372,17343
3372,17344
3372,17345
3372,17346
3372,17347
3372,17348
3372,17349
3372,17350
3372,17351
3372,17352
3372,17353
3372,17354
3372,17355
3372,17356
3372,17357
3372,17358
3372,17359
3372,17360
3372,17361
3372,17362
3372,17363
3372,17364
3372,17365
3372,17366
3372,17367
3372,17368
3372,17369
3372,17370
3372,17371
3372,17372
3372,17373
3372,17374
3372,17375
3372,17376
3372,17377
3372,17378
3372,17379
3372,17380
3372,17381
3372,17382
3372,17383
3373,17217
3373,17218
3373,17219
3373,17220
3373,17221
3373,17222
3373,17223
3373,17224
3373,17225
3373,17226
3373,17227
3373,17228
3373,17229
3373,17230
3373,17231
3373,17232
3373,17233
3373,17234
3373,17235
3373,17236
3373,17237
3373,17238
3373,17239
3373,17240
3373,17241
3373,17242
3373,17243
3373,17244
3373,17245
3373,17246
3373,17247
3373,17248
3373,17249
3373,17250
3373,17251
3373,17252
3373,17253
3373,17254
3373,17255
3373,17256
3373,17257
3373,17258
3373,17259
3373,17260
3373,17261
3373,17262
3373,17263
3373,17264
3373,17265
3373,17266
3373,17267
3373,17268
3373,17269
3373,17270
3373,17271
3373,17272
3373,17273
3373,17274
3373,17275
3373,17276
3373,17277
3373,17278
3373,17279
3373,17280
3373,17281
3373,17282
3373,17283
3373,17284
3373,17285
3373,17286
3373,17287
3373,17288
3373,17289
3373,17290
3373,17291
3373,17292
3373,17293
3373,17294
3373,17295
3373,17296
3373,17297
3373,17298
3373,17299
3373,17300
3373,17301
3373,17302
3373,17303
3373,17304
3373,17305
3373,17306
3373,17307
3373,17308
3373,17309
3373,17310
3373,17311
3373,17312
3373,17313
3373,17314
3373,17315
3373,17316
3373,17317
3373,17318
3373,17319
3373,17320
3373,17321
3373,17322
3373,17323
3373,17324
3373,17325
3373,17326
3373,17327
3373,17328
3373,17329
3373,17330
3373,17331
3373,17332
3373,17333
3373,17334
3373,17335
3373,17336
3373,17337
3373,17338
3373,17339
3373,17340
3373,17341
3373,17342
3373,17343
3373,17344
3373,17345
3373,17346
3373,17347
3373,17348
3373,17349
3373,17350
3373,17351
3373,17352
3373,17353
3373,17354
3373,17355
3373,17356
3373,17357
3373,17358
3373,17359
3373,17360
3373,17361
3373,17362
3373,17363
3373,17364
3373,17365
3373,17366
3373,17367
3373,17368
3373,17369
3373,17370
3373,17371
3373,17372
3373,17373
3373,17374
3373,17375
3373,17376
3373,17377
3373,17378
3373,17379
3373,17380
3373,17381
3373,17382
3374,17216
3374,17217
3374,17218
3374,17219
3374,17220
3374,17221
3374,17222
3374,17223
3374,17224
3374,17225
3374,17226
3374,17227
3374,17228
3374,17229
3374,17230
3374,17231
3374,17232
3374,17233
3374,17234
3374,17235
3374,17236
3374,17237
3374,17238
3374,17239
3374,17240
3374,17241
3374,17242
3374,17243
3374,17244
3374,17245
3374,17246
3374,17247
3374,17248
3374,17249
3374,17250
3374,17251
3374,17252
3374,17253
3374,17254
3374,17255
3374,17256
3374,17257
3374,17258
3374,17259
3374,17260
3374,17261
3374,17262
3374,17263
3374,17264
3374,17265
3374,17266
3374,17267
3374,17268
3374,17269
3374,17270
3374,17271
3374,17272
3374,17273
3374,17274
3374,17275
3374,17276
3374,17277
3374,17278
3374,17279
3374,17280
3374,17281
3374,17282
3374,17283
3374,17284
3374,17285
3374,17286
3374,17287
3374,17288
3374,17289
3374,17290
3374,17291
3374,17292
3374,17293
3374,17294
3374,17295
3374,17296
3374,17297
3374,17298
3374,17299
3374,17300
3374,17301
3374,17302
3374,17303
3374,17304
3374,17305
3374,17306
3374,17307
3374,17308
3374,17309
3374,17310
3374,17311
3374,17312
3374,17313
3374,17314
3374,17315
3374,17316
3374,17317
3374,17318
3374,17319
3374,17320
3374,17321
3374,17322
3374,17323
3374,17324
3374,17325
3374,17326
3374,17327
3374,17328
3374,17329
3374,17330
3374,17331
3374,17332
3374,17333
3374,17334
3374,17335
3374,17336
3374,17337
3374,17338
3374,17339
3374,17340
3374,17341
3374,17342
3374,17343
3374,17344
3374,17345
3374,17346
3374,17347
3374,17348
3374,17349
3374,17350
3374,17351
3374,17352
3374,17353
3374,17354
3374,17355
3374,17356
3374,17357
3374,17358
3374,17359
3374,17360
3374,17361
3374,17362
3374,17363
3374,17364
3374,17365
3374,17366
3374,17367
3374,17368
3374,17369
3374,17370
3374,17371
3374,17372
3374,17373
3374,17374
3374,17375
3374,17376
3374,17377
3374,17378
3374,17379
3374,17380
3374,17381
3375,17217
3375,17218
3375,17219
3375,17220
3375,17221
3375,17222
3375,17223
3375,17224
3375,17225
3375,17226
3375,17227
3375,17228
3375,17229
3375,17230
3375,17231
3375,17232
3375,17233
3375,17234
3375,17235
3375,17236
3375,17237
3375,17238
3375,17239
3375,17240
3375,17241
3375,17242
3375,17243
3375,17244
3375,17245
3375,17246
3375,17247
3375,17248
3375,17249
3375,17250
3375,17251
3375,17252
3375,17253
3375,17254
3375,17255
3375,17256
3375,17257
3375,17258
3375,17259
3375,17260
3375,17261
3375,17262
3375,17263
3375,17264
3375,17265
3375,17266
3375,17267
3375,17268
3375,17269
3375,17270
3375,17271
3375,17272
3375,17273
3375,17274
3375,17275
3375,17276
3375,17277
3375,17278
3375,17279
3375,17280
3375,17281
3375,17282
3375,17283
3375,17284
3375,17285
3375,17286
3375,17287
3375,17288
3375,17289
3375,17290
3375,17291
3375,17292
3375,17293
3375,17294
3375,17295
3375,17296
3375,17297
3375,17298
3375,17299
3375,17300
3375,17301
3375,17302
3375,17303
3375,17304
3375,17305
3375,17306
3375,17307
3375,17308
3375,17309
3375,17310
3375,17311
3375,17312
3375,17313
3375,17314
3375,17315
3375,17316
3375,17317
3375,17318
3375,17319
3375,17320
3375,17321
3375,17322
3375,17323
3375,17324
3375,17325
3375,17326
3375,17327
3375,17328
3375,17329
3375,17330
3375,17331
3375,17332
3375,17333
3375,17334
3375,17335
3375,17336
3375,17337
3375,17338
3375,17339
3375,17340
3375,17341
3375,17342
3375,17343
3375,17344
3375,17345
3375,17346
3375,17347
3375,17348
3375,17349
3375,17350
3375,17351
3375,17352
3375,17353
3375,17354
3375,17355
3375,17356
3375,17357
3375,17358
3375,17359
3375,17360
3375,17361
3375,17362
3375,17363
3375,17364
3375,17365
3375,17366
3375,17367
3375,17368
3375,17369
3375,17370
3375,17371
3375,17372
3375,17373
3375,17374
3375,17375
3375,17376
3375,17377
3375,17378
3375,17379
3375,17380
3376,17217
3376,17218
3376,17219
3376,17220
3376,17221
3376,17222
3376,17223
3376,17224
3376,17225
3376,17226
3376,17227
3376,17228
3376,17229
3376,17230
3376,17231
3376,17232
3376,17233
3376,17234
3376,17235
3376,17236
3376,17237
3376,17238
3376,17239
3376,17240
3376,17241
3376,17242
3376,17243
3376,17244
3376,17245
3376,17246
3376,17247
3376,17248
3376,17249
3376,17250
3376,17251
3376,17252
3376,17253
3376,17254
3376,17255
3376,17256
3376,17257
3376,17258
3376,17259
3376,17260
3376,17261
3376,17262
3376,17263
3376,17264
3376,17265
3376,17266
3376,17267
3376,17268
3376,17269
3376,17270
3376,17271
3376,17272
3376,17273
3376,17274
3376,17275
3376,17276
3376,17277
3376,17278
3376,17279
3376,17280
3376,17281
3376,17282
3376,17283
3376,17284
3376,17285
3376,17286
3376,17287
3376,17288
3376,17289
3376,17290
3376,17291
3376,17292
3376,17293
3376,17294
3376,17295
3376,17296
3376,17297
3376,17298
3376,17299
3376,17300
3376,17301
3376,17302
3376,17303
3376,17304
3376,17305
3376,17306
3376,17307
3376,17308
3376,17309
3376,17310
3376,17311
3376,17312
3376,17313
3376,17314
3376,17315
3376,17316
3376,17317
3376,17318
3376,17319
3376,17320
3376,17321
3376,17322
3376,17323
3376,17324
3376,17325
3376,17326
3376,17327
3376,17328
3376,17329
3376,17330
3376,17331
3376,17332
3376,17333
3376,17334
3376,17335
3376,17336
3376,17337
3376,17338
3376,17339
3376,17340
3376,17341
3376,17342
3376,17343
3376,17344
3376,17345
3376,17346
3376,17347
3376,17348
3376,17349
3376,17350
3376,17351
3376,17352
3376,17353
3376,17354
3376,17355
3376,17356
3376,17357
3376,17358
3376,17359
3376,17360
3376,17361
3376,17362
3376,17363
3376,17364
3376,17365
3376,17366
3376,17367
3376,17368
3376,17369
3376,17370
3376,17371
3376,17372
3376,17373
3376,17374
3376,17375
3376,17376
3376,17377
3376,17378
3376,17379
3376,17380
3376,17388
3377,17218
3377,17219
3377,17220
3377,17221
3377,17222
3377,17223
3377,17224
3377,17225
3377,17226
3377,17227
3377,17228
3377,17229
3377,17230
3377,17231
3377,17232
3377,17233
3377,17234
3377,17235
3377,17236
3377,17237
3377,17238
3377,17239
3377,17240
3377,17241
3377,17242
3377,17243
3377,17244
3377,17245
3377,17246
3377,17247
3377,17248
3377,17249
3377,17250
3377,17251
3377,17252
3377,17253
3377,17254
3377,17255
3377,17256
3377,17257
3377,17258
3377,17259
3377,17260
3377,17261
3377,17262
3377,17263
3377,17264
3377,17265
3377,17266
3377,17267
3377,17268
3377,17269
3377,17270
3377,17271
3377,17272
3377,17273
3377,17274
3377,17275
3377,17276
3377,17277
3377,17278
3377,17279
3377,17280
3377,17281
3377,17282
3377,17283
3377,17284
3377,17285
3377,17286
3377,17287
3377,17288
3377,17289
3377,17290
3377,17291
3377,17292
3377,17293
3377,17294
3377,17295
3377,17296
3377,17297
3377,17298
3377,17299
3377,17300
3377,17301
3377,17302
3377,17303
3377,17304
3377,17305
3377,17306
3377,17307
3377,17308
3377,17309
3377,17310
3377,17311
3377,17312
3377,17313
3377,17314
3377,17315
3377,17316
3377,17317
3377,17318
3377,17319
3377,17320
3377,17321
3377,17322
3377,17323
3377,17324
3377,17325
3377,17326
3377,17327
3377,17328
3377,17329
3377,17330
3377,17331
3377,17332
3377,17333
3377,17334
3377,17335
3377,17336
3377,17337
3377,17338
3377,17339
3377,17340
3377,17341
3377,17342
3377,17343
3377,17344
3377,17345
3377,17346
3377,17347
3377,17348
3377,17349
3377,17350
3377,17351
3377,17352
3377,17353
3377,17354
3377,17355
3377,17356
3377,17357
3377,17358
3377,17359
3377,17360
3377,17361
3377,17362
3377,17363
3377,17364
3377,17365
3377,17366
3377,17367
3377,17368
3377,17369
3377,17370
3377,17371
3377,17372
3377,17373
3377,17374
3377,17375
3377,17376
3377,17377
3377,17378
3377,17379
3377,17380
3377,17381
3377,17382
3377,17385
3377,17386
3377,17387
3377,17388
3377,17389
3377,17390
3378,17219
3378,17220
3378,17221
3378,17222
3378,17223
3378,17224
3378,17225
3378,17226
3378,17227
3378,17228
3378,17229
3378,17230
3378,17231
3378,17232
3378,17233
3378,17234
3378,17235
3378,17236
3378,17237
3378,17238
3378,17239
3378,17240
3378,17241
3378,17242
3378,17243
3378,17244
3378,17245
3378,17246
3378,17247
3378,17248
3378,17249
3378,17250
3378,17251
3378,17252
3378,17253
3378,17254
3378,17255
3378,17256
3378,17257
3378,17258
3378,17259
3378,17260
3378,17261
3378,17262
3378,17263
3378,17264
3378,17265
3378,17266
3378,17267
3378,17268
3378,17269
3378,17270
3378,17271
3378,17272
3378,17273
3378,17274
3378,17275
3378,17276
3378,17277
3378,17278
3378,17279
3378,17280
3378,17281
3378,17282
3378,17283
3378,17284
3378,17285
3378,17286
3378,17287
3378,17288
3378,17289
3378,17290
3378,17291
3378,17292
3378,17293
3378,17294
3378,17295
3378,17296
3378,17297
3378,17298
3378,17299
3378,17300
3378,17301
3378,17302
3378,17303
3378,17304
3378,17305
3378,17306
3378,17307
3378,17308
3378,17309
3378,17310
3378,17311
3378,17312
3378,17313
3378,17314
3378,17315
3378,17316
3378,17317
3378,17318
3378,17319
3378,17320
3378,17321
3378,17322
3378,17323
3378,17324
3378,17325
3378,17326
3378,17327
3378,17328
3378,17329
3378,17330
3378,17331
3378,17332
3378,17333
3378,17334
3378,17335
3378,17336
3378,17337
3378,17338
3378,17339
3378,17340
3378,17341
3378,17342
3378,17343
3378,17344
3378,17345
3378,17346
3378,17347
3378,17348
3378,17349
3378,17350
3378,17351
3378,17352
3378,17353
3378,17354
3378,17355
3378,17356
3378,17357
3378,17358
3378,17359
3378,17360
3378,17361
3378,17362
3378,17363
3378,17364
3378,17365
3378,17366
3378,17367
3378,17368
3378,17369
3378,17370
3378,17371
3378,17372
3378,17373
3378,17374
3378,17375
3378,17376
3378,17377
3378,17378
3378,17379
3378,17380
3378,17381
3378,17382
3378,17383
3378,17384
3378,17385
3378,17386
3378,17387
3378,17388
3378,17389
3378,17390
3378,17391
3379,17221
3379,17223
3379,17224
3379,17225
3379,17226
3379,17227
3379,17228
3379,17229
3379,17230
3379,17231
3379,17232
3379,17233
3379,17234
3379,17235
3379,17236
3379,17237
3379,17238
3379,17239
3379,17240
3379,17241
3379,17242
3379,17243
3379,17244
3379,17245
3379,17246
3379,17247
3379,17248
3379,17249
3379,17250
3379,17251
3379,17252
3379,17253
3379,17254
3379,17255
3379,17256
3379,17257
3379,17258
3379,17259
3379,17260
3379,17261
3379,17262
3379,17263
3379,17264
3379,17265
3379,17266
3379,17267
3379,17268
3379,17269
3379,17270
3379,17271
3379,17272
3379,17273
3379,17274
3379,17275
3379,17276
3379,17277
3379,17278
3379,17279
3379,17280
3379,17281
3379,17282
3379,17283
3379,17284
3379,17285
3379,17286
3379,17287
3379,17288
3379,17289
3379,17290
3379,17291
3379,17292
3379,17293
3379,17294
3379,17295
3379,17296
3379,17297
3379,17298
3379,17299
3379,17300
3379,17301
3379,17302
3379,17303
3379,17304
3379,17305
3379,17306
3379,17307
3379,17308
3379,17309
3379,17310
3379,17311
3379,17312
3379,17313
3379,17314
3379,17315
3379,17316
3379,17317
3379,17318
3379,17319
3379,17320
3379,17321
3379,17322
3379,17323
3379,17324
3379,17325
3379,17326
3379,17327
3379,17328
3379,17329
3379,17330
3379,17331
3379,17332
3379,17333
3379,17334
3379,17335
3379,17336
3379,17337
3379,17338
3379,17339
3379,17340
3379,17341
3379,17342
3379,17343
3379,17344
3379,17345
3379,17346
3379,17347
3379,17348
3379,17349
3379,17350
3379,17351
3379,17352
3379,17353
3379,17354
3379,17355
3379,17356
3379,17357
3379,17358
3379,17359
3379,17360
3379,17361
3379,17362
3379,17363
3379,17364
3379,17365
3379,17366
3379,17367
3379,17368
3379,17369
3379,17370
3379,17371
3379,17372
3379,17373
3379,17374
3379,17375
3379,17376
3379,17377
3379,17378
3379,17379
3379,17380
3379,17381
3379,17382
3379,17383
3379,17384
3379,17385
3379,17386
3379,17387
3379,17388
3379,17389
3379,17390
3379,17391
3379,17392
3380,17226
3380,17227
3380,17228
3380,17229
3380,17230
3380,17231
3380,17232
3380,17233
3380,17234
3380,17235
3380,17236
3380,17237
3380,17238
3380,17239
3380,17240
3380,17241
3380,17242
3380,17243
3380,17244
3380,17245
3380,17246
3380,17247
3380,17248
3380,17249
3380,17250
3380,17251
3380,17252
3380,17253
3380,17254
3380,17255
3380,17256
3380,17257
3380,17258
3380,17259
3380,17260
3380,17261
3380,17262
3380,17263
3380,17264
3380,17265
3380,17266
3380,17267
3380,17268
3380,17269
3380,17270
3380,17271
3380,17272
3380,17273
3380,17274
3380,17275
3380,17276
3380,17277
3380,17278
3380,17279
3380,17280
3380,17281
3380,17282
3380,17283
3380,17284
3380,17285
3380,17286
3380,17287
3380,17288
3380,17289
3380,17290
3380,17291
3380,17292
3380,17293
3380,17294
3380,17295
3380,17296
3380,17297
3380,17298
3380,17299
3380,17300
3380,17301
3380,17302
3380,17303
3380,17304
3380,17305
3380,17306
3380,17307
3380,17308
3380,17309
3380,17310
3380,17311
3380,17312
3380,17313
3380,17314
3380,17315
3380,17316
3380,17317
3380,17318
3380,17319
3380,17320
3380,17321
3380,17322
3380,17323
3380,17324
3380,17325
3380,17326
3380,17327
3380,17328
3380,17329
3380,17330
3380,17331
3380,17332
3380,17333
3380,17334
3380,17335
3380,17336
3380,17337
3380,17338
3380,17339
3380,17340
3380,17341
3380,17342
3380,17343
3380,17344
3380,17345
3380,17346
3380,17347
3380,17348
3380,17349
3380,17350
3380,17351
3380,17352
3380,17353
3380,17354
3380,17355
3380,17356
3380,17357
3380,17358
3380,17359
3380,17360
3380,17361
3380,17362
3380,17363
3380,17364
3380,17365
3380,17366
3380,17367
3380,17368
3380,17369
3380,17370
3380,17371
3380,17372
3380,17373
3380,17374
3380,17375
3380,17376
3380,17377
3380,17378
3380,17379
3380,17380
3380,17381
3380,17382
3380,17383
3380,17384
3380,17385
3380,17386
3380,17387
3380,17388
3380,17389
3380,17390
3380,17391
3380,17392
3380,17393
3381,17227
3381,17228
3381,17229
3381,17230
3381,17231
3381,17232
3381,17233
3381,17234
3381,17235
3381,17236
3381,17237
3381,17238
3381,17239
3381,17240
3381,17241
3381,17242
3381,17243
3381,17244
3381,17245
3381,17246
3381,17247
3381,17248
3381,17249
3381,17250
3381,17251
3381,17252
3381,17253
3381,17254
3381,17255
3381,17256
3381,17257
3381,17258
3381,17259
3381,17260
3381,17261
3381,17262
3381,17263
3381,17264
3381,17265
3381,17266
3381,17267
3381,17268
3381,17269
3381,17270
3381,17271
3381,17272
3381,17273
3381,17274
3381,17275
3381,17276
3381,17277
3381,17278
3381,17279
3381,17280
3381,17281
3381,17282
3381,17283
3381,17284
3381,17285
3381,17286
3381,17287
3381,17288
3381,17289
3381,17290
3381,17291
3381,17292
3381,17293
3381,17294
3381,17295
3381,17296
3381,17297
3381,17298
3381,17299
3381,17300
3381,17301
3381,17302
3381,17303
3381,17304
3381,17305
3381,17306
3381,17307
3381,17308
3381,17309
3381,17310
3381,17311
3381,17312
3381,17313
3381,17314
3381,17315
3381,17316
3381,17317
3381,17318
3381,17319
3381,17320
3381,17321
3381,17322
3381,17323
3381,17324
3381,17325
3381,17326
3381,17327
3381,17328
3381,17329
3381,17330
3381,17331
3381,17332
3381,17333
3381,17334
3381,17335
3381,17336
3381,17337
3381,17338
3381,17339
3381,17340
3381,17341
3381,17342
3381,17343
3381,17344
3381,17345
3381,17346
3381,17347
3381,17348
3381,17349
3381,17350
3381,17351
3381,17352
3381,17353
3381,17354
3381,17355
3381,17356
3381,17357
3381,17358
3381,17359
3381,17360
3381,17361
3381,17362
3381,17363
3381,17364
3381,17365
3381,17366
3381,17367
3381,17368
3381,17369
3381,17370
3381,17371
3381,17372
3381,17373
3381,17374
3381,17375
3381,17376
3381,17377
3381,17378
3381,17379
3381,17380
3381,17381
3381,17382
3381,17383
3381,17384
3381,17385
3381,17386
3381,17387
3381,17388
3381,17389
3381,17390
3381,17391
3381,17392
3381,17393
3381,17394
3382,17227
3382,17228
3382,17229
3382,17230
3382,17231
3382,17232
3382,17233
3382,17234
3382,17235
3382,17236
3382,17237
3382,17238
3382,17239
3382,17240
3382,17241
3382,17242
3382,17243
3382,17244
3382,17245
3382,17246
3382,17247
3382,17248
3382,17249
3382,17250
3382,17251
3382,17252
3382,17253
3382,17254
3382,17255
3382,17256
3382,17257
3382,17258
3382,17259
3382,17260
3382,17261
3382,17262
3382,17263
3382,17264
3382,17265
3382,17266
3382,17267
3382,17268
3382,17269
3382,17270
3382,17271
3382,17272
3382,17273
3382,17274
3382,17275
3382,17276
3382,17277
3382,17278
3382,17279
3382,17280
3382,17281
3382,17282
3382,17283
3382,17284
3382,17285
3382,17286
3382,17287
3382,17288
3382,17289
3382,17290
3382,17291
3382,17292
3382,17293
3382,17294
3382,17295
3382,17296
3382,17297
3382,17298
3382,17299
3382,17300
3382,17301
3382,17302
3382,17303
3382,17304
3382,17305
3382,17306
3382,17307
3382,17308
3382,17309
3382,17310
3382,17311
3382,17312
3382,17313
3382,17314
3382,17315
3382,17316
3382,17317
3382,17318
3382,17319
3382,17320
3382,17321
3382,17322
3382,17323
3382,17324
3382,17325
3382,17326
3382,17327
3382,17328
3382,17329
3382,17330
3382,17331
3382,17332
3382,17333
3382,17334
3382,17335
3382,17336
3382,17337
3382,17338
3382,17339
3382,17340
3382,17341
3382,17342
3382,17343
3382,17344
3382,17345
3382,17346
3382,17347
3382,17348
3382,17349
3382,17350
3382,17351
3382,17352
3382,17353
3382,17354
3382,17355
3382,17356
3382,17357
3382,17358
3382,17359
3382,17360
3382,17361
3382,17362
3382,17363
3382,17364
3382,17365
3382,17366
3382,17367
3382,17368
3382,17369
3382,17370
3382,17371
3382,17372
3382,17373
3382,17374
3382,17375
3382,17376
3382,17377
3382,17378
3382,17379
3382,17380
3382,17381
3382,17382
3382,17383
3382,17384
3382,17385
3382,17386
3382,17387
3382,17388
3382,17389
3382,17390
3382,17391
3382,17392
3382,17393
3382,17394
3382,17395
3383,17227
3383,17228
3383,17229
3383,17230
3383,17231
3383,17232
3383,17233
3383,17234
3383,17235
3383,17236
3383,17237
3383,17238
3383,17239
3383,17240
3383,17241
3383,17242
3383,17243
3383,17244
3383,17245
3383,17246
3383,17247
3383,17248
3383,17249
3383,17250
3383,17251
3383,17252
3383,17253
3383,17254
3383,17255
3383,17256
3383,17257
3383,17258
3383,17259
3383,17260
3383,17261
3383,17262
3383,17263
3383,17264
3383,17265
3383,17266
3383,17267
3383,17268
3383,17269
3383,17270
3383,17271
3383,17272
3383,17273
3383,17274
3383,17275
3383,17276
3383,17277
3383,17278
3383,17279
3383,17280
3383,17281
3383,17282
3383,17283
3383,17284
3383,17285
3383,17286
3383,17287
3383,17288
3383,17289
3383,17290
3383,17291
3383,17292
3383,17293
3383,17294
3383,17295
3383,17296
3383,17297
3383,17298
3383,17299
3383,17300
3383,17301
3383,17302
3383,17303
3383,17304
3383,17305
3383,17306
3383,17307
3383,17308
3383,17309
3383,17310
3383,17311
3383,17312
3383,17313
3383,17314
3383,17315
3383,17316
3383,17317
3383,17318
3383,17319
3383,17320
3383,17321
3383,17322
3383,17323
3383,17324
3383,17325
3383,17326
3383,17327
3383,17328
3383,17329
3383,17330
3383,17331
3383,17332
3383,17333
3383,17334
3383,17335
3383,17336
3383,17337
3383,17338
3383,17339
3383,17340
3383,17341
3383,17342
3383,17343
3383,17344
3383,17345
3383,17346
3383,17347
3383,17348
3383,17349
3383,17350
3383,17351
3383,17352
3383,17353
3383,17354
3383,17355
3383,17356
3383,17357
3383,17358
3383,17359
3383,17360
3383,17361
3383,17362
3383,17363
3383,17364
3383,17365
3383,17366
3383,17367
3383,17368
3383,17369
3383,17370
3383,17371
3383,17372
3383,17373
3383,17374
3383,17375
3383,17376
3383,17377
3383,17378
3383,17379
3383,17380
3383,17381
3383,17382
3383,17383
3383,17384
3383,17385
3383,17386
3383,17387
3383,17388
3383,17389
3383,17390
3383,17391
3383,17392
3383,17393
3383,17394
3383,17395
3383,17396
3384,17227
3384,17228
3384,17229
3384,17230
3384,17231
3384,17232
3384,17233
3384,17234
3384,17235
3384,17236
3384,17237
3384,17238
3384,17239
3384,17240
3384,17241
3384,17242
3384,17243
3384,17244
3384,17245
3384,17246
3384,17247
3384,17248
3384,17249
3384,17250
3384,17251
3384,17252
3384,17253
3384,17254
3384,17255
3384,17256
3384,17257
3384,17258
3384,17259
3384,17260
3384,17261
3384,17262
3384,17263
3384,17264
3384,17265
3384,17266
3384,17267
3384,17268
3384,17269
3384,17270
3384,17271
3384,17272
3384,17273
3384,17274
3384,17275
3384,17276
3384,17277
3384,17278
3384,17279
3384,17280
3384,17281
3384,17282
3384,17283
3384,17284
3384,17285
3384,17286
3384,17287
3384,17288
3384,17289
3384,17290
3384,17291
3384,17292
3384,17293
3384,17294
3384,17295
3384,17296
3384,17297
3384,17298
3384,17299
3384,17300
3384,17301
3384,17302
3384,17303
3384,17304
3384,17305
3384,17306
3384,17307
3384,17308
3384,17309
3384,17310
3384,17311
3384,17312
3384,17313
3384,17314
3384,17315
3384,17316
3384,17317
3384,17318
3384,17319
3384,17320
3384,17321
3384,17322
3384,17323
3384,17324
3384,17325
3384,17326
3384,17327
3384,17328
3384,17329
3384,17330
3384,17331
3384,17332
3384,17333
3384,17334
3384,17335
3384,17336
3384,17337
3384,17338
3384,17339
3384,17340
3384,17341
3384,17342
3384,17343
3384,17344
3384,17345
3384,17346
3384,17347
3384,17348
3384,17349
3384,17350
3384,17351
3384,17352
3384,17353
3384,17354
3384,17355
3384,17356
3384,17357
3384,17358
3384,17359
3384,17360
3384,17361
3384,17362
3384,17363
3384,17364
3384,17365
3384,17366
3384,17367
3384,17368
3384,17369
3384,17370
3384,17371
3384,17372
3384,17373
3384,17374
3384,17375
3384,17376
3384,17377
3384,17378
3384,17379
3384,17380
3384,17381
3384,17382
3384,17383
3384,17384
3384,17385
3384,17386
3384,17387
3384,17388
3384,17389
3384,17390
3384,17391
3384,17392
3384,17393
3384,17394
3384,17395
3384,17396
3384,17397
3385,17228
3385,17229
3385,17230
3385,17231
3385,17232
3385,17233
3385,17234
3385,17235
3385,17236
3385,17237
3385,17238
3385,17239
3385,17240
3385,17241
3385,17242
3385,17243
3385,17244
3385,17245
3385,17246
3385,17247
3385,17248
3385,17249
3385,17250
3385,17251
3385,17252
3385,17253
3385,17254
3385,17255
3385,17256
3385,17257
3385,17258
3385,17259
3385,17260
3385,17261
3385,17262
3385,17263
3385,17264
3385,17265
3385,17266
3385,17267
3385,17268
3385,17269
3385,17270
3385,17271
3385,17272
3385,17273
3385,17274
3385,17275
3385,17276
3385,17277
3385,17278
3385,17279
3385,17280
3385,17281
3385,17282
3385,17283
3385,17284
3385,17285
3385,17286
3385,17287
3385,17288
3385,17289
3385,17290
3385,17291
3385,17292
3385,17293
3385,17294
3385,17295
3385,17296
3385,17297
3385,17298
3385,17299
3385,17300
3385,17301
3385,17302
3385,17303
3385,17304
3385,17305
3385,17306
3385,17307
3385,17308
3385,17309
3385,17310
3385,17311
3385,17312
3385,17313
3385,17314
3385,17315
3385,17316
3385,17317
3385,17318
3385,17319
3385,17320
3385,17321
3385,17322
3385,17323
3385,17324
3385,17325
3385,17326
3385,17327
3385,17328
3385,17329
3385,17330
3385,17331
3385,17332
3385,17333
3385,17334
3385,17335
3385,17336
3385,17337
3385,17338
3385,17339
3385,17340
3385,17341
3385,17342
3385,17343
3385,17344
3385,17345
3385,17346
3385,17347
3385,17348
3385,17349
3385,17350
3385,17351
3385,17352
3385,17353
3385,17354
3385,17355
3385,17356
3385,17357
3385,17358
3385,17359
3385,17360
3385,17361
3385,17362
3385,17363
3385,17364
3385,17365
3385,17366
3385,17367
3385,17368
3385,17369
3385,17370
3385,17371
3385,17372
3385,17373
3385,17374
3385,17375
3385,17376
3385,17377
3385,17378
3385,17379
3385,17380
3385,17381
3385,17382
3385,17383
3385,17384
3385,17385
3385,17386
3385,17387
3385,17388
3385,17389
3385,17390
3385,17391
3385,17392
3385,17393
3385,17394
3385,17395
3385,17396
3385,17397
3385,17398
3385,17399
3386,17228
3386,17229
3386,17230
3386,17231
3386,17232
3386,17233
3386,17234
3386,17235
3386,17236
3386,17237
3386,17238
3386,17239
3386,17240
3386,17241
3386,17242
3386,17243
3386,17244
3386,17245
3386,17246
3386,17247
3386,17248
3386,17249
3386,17250
3386,17251
3386,17252
3386,17253
3386,17254
3386,17255
3386,17256
3386,17257
3386,17258
3386,17259
3386,17260
3386,17261
3386,17262
3386,17263
3386,17264
3386,17265
3386,17266
3386,17267
3386,17268
3386,17269
3386,17270
3386,17271
3386,17272
3386,17273
3386,17274
3386,17275
3386,17276
3386,17277
3386,17278
3386,17279
3386,17280
3386,17281
3386,17282
3386,17283
3386,17284
3386,17285
3386,17286
3386,17287
3386,17288
3386,17289
3386,17290
3386,17291
3386,17292
3386,17293
3386,17294
3386,17295
3386,17296
3386,17297
3386,17298
3386,17299
3386,17300
3386,17301
3386,17302
3386,17303
3386,17304
3386,17305
3386,17306
3386,17307
3386,17308
3386,17309
3386,17310
3386,17311
3386,17312
3386,17313
3386,17314
3386,17315
3386,17316
3386,17317
3386,17318
3386,17319
3386,17320
3386,17321
3386,17322
3386,17323
3386,17324
3386,17325
3386,17326
3386,17327
3386,17328
3386,17329
3386,17330
3386,17331
3386,17332
3386,17333
3386,17334
3386,17335
3386,17336
3386,17337
3386,17338
3386,17339
3386,17340
3386,17341
3386,17342
3386,17343
3386,17344
3386,17345
3386,17346
3386,17347
3386,17348
3386,17349
3386,17350
3386,17351
3386,17352
3386,17353
3386,17354
3386,17355
3386,17356
3386,17357
3386,17358
3386,17359
3386,17360
3386,17361
3386,17362
3386,17363
3386,17364
3386,17365
3386,17366
3386,17367
3386,17368
3386,17369
3386,17370
3386,17371
3386,17372
3386,17373
3386,17374
3386,17375
3386,17376
3386,17377
3386,17378
3386,17379
3386,17380
3386,17381
3386,17382
3386,17383
3386,17384
3386,17385
3386,17386
3386,17387
3386,17388
3386,17389
3386,17390
3386,17391
3386,17392
3386,17393
3386,17394
3386,17395
3386,17396
3386,17397
3386,17398
3386,17399
3386,17400
3387,17228
3387,17229
3387,17230
3387,17231
3387,17232
3387,17233
3387,17234
3387,17235
3387,17236
3387,17237
3387,17238
3387,17239
3387,17240
3387,17241
3387,17242
3387,17243
3387,17244
3387,17245
3387,17246
3387,17247
3387,17248
3387,17249
3387,17250
3387,17251
3387,17252
3387,17253
3387,17254
3387,17255
3387,17256
3387,17257
3387,17258
3387,17259
3387,17260
3387,17261
3387,17262
3387,17263
3387,17264
3387,17265
3387,17266
3387,17267
3387,17268
3387,17269
3387,17270
3387,17271
3387,17272
3387,17273
3387,17274
3387,17275
3387,17276
3387,17277
3387,17278
3387,17279
3387,17280
3387,17281
3387,17282
3387,17283
3387,17284
3387,17285
3387,17286
3387,17287
3387,17288
3387,17289
3387,17290
3387,17291
3387,17292
3387,17293
3387,17294
3387,17295
3387,17296
3387,17297
3387,17298
3387,17299
3387,17300
3387,17301
3387,17302
3387,17303
3387,17304
3387,17305
3387,17306
3387,17307
3387,17308
3387,17309
3387,17310
3387,17311
3387,17312
3387,17313
3387,17314
3387,17315
3387,17316
3387,17317
3387,17318
3387,17319
3387,17320
3387,17321
3387,17322
3387,17323
3387,17324
3387,17325
3387,17326
3387,17327
3387,17328
3387,17329
3387,17330
3387,17331
3387,17332
3387,17333
3387,17334
3387,17335
3387,17336
3387,17337
3387,17338
3387,17339
3387,17340
3387,17341
3387,17342
3387,17343
3387,17344
3387,17345
3387,17346
3387,17347
3387,17348
3387,17349
3387,17350
3387,17351
3387,17352
3387,17353
3387,17354
3387,17355
3387,17356
3387,17357
3387,17358
3387,17359
3387,17360
3387,17361
3387,17362
3387,17363
3387,17364
3387,17365
3387,17366
3387,17367
3387,17368
3387,17369
3387,17370
3387,17371
3387,17372
3387,17373
3387,17374
3387,17375
3387,17376
3387,17377
3387,17378
3387,17379
3387,17380
3387,17381
3387,17382
3387,17383
3387,17384
3387,17385
3387,17386
3387,17387
3387,17388
3387,17389
3387,17390
3387,17391
3387,17392
3387,17393
3387,17394
3387,17395
3387,17396
3387,17397
3387,17398
3387,17399
3387,17400
3387,17401
3388,17229
3388,17230
3388,17231
3388,17232
3388,17233
3388,17234
3388,17235
3388,17236
3388,17237
3388,17238
3388,17239
3388,17240
3388,17241
3388,17242
3388,17243
3388,17244
3388,17245
3388,17246
3388,17247
3388,17248
3388,17249
3388,17250
3388,17251
3388,17252
3388,17253
3388,17254
3388,17255
3388,17256
3388,17257
3388,17258
3388,17259
3388,17260
3388,17261
3388,17262
3388,17263
3388,17264
3388,17265
3388,17266
3388,17267
3388,17268
3388,17269
3388,17270
3388,17271
3388,17272
3388,17273
3388,17274
3388,17275
3388,17276
3388,17277
3388,17278
3388,17279
3388,17280
3388,17281
3388,17282
3388,17283
3388,17284
3388,17285
3388,17286
3388,17287
3388,17288
3388,17289
3388,17290
3388,17291
3388,17292
3388,17293
3388,17294
3388,17295
3388,17296
3388,17297
3388,17298
3388,17299
3388,17300
3388,17301
3388,17302
3388,17303
3388,17304
3388,17305
3388,17306
3388,17307
3388,17308
3388,17309
3388,17310
3388,17311
3388,17312
3388,17313
3388,17314
3388,17315
3388,17316
3388,17317
3388,17318
3388,17319
3388,17320
3388,17321
3388,17322
3388,17323
3388,17324
3388,17325
3388,17326
3388,17327
3388,17328
3388,17329
3388,17330
3388,17331
3388,17332
3388,17333
3388,17334
3388,17335
3388,17336
3388,17337
3388,17338
3388,17339
3388,17340
3388,17341
3388,17342
3388,17343
3388,17344
3388,17345
3388,17346
3388,17347
3388,17348
3388,17349
3388,17350
3388,17351
3388,17352
3388,17353
3388,17354
3388,17355
3388,17356
3388,17357
3388,17358
3388,17359
3388,17360
3388,17361
3388,17362
3388,17363
3388,17364
3388,17365
3388,17366
3388,17367
3388,17368
3388,17369
3388,17370
3388,17371
3388,17372
3388,17373
3388,17374
3388,17375
3388,17376
3388,17377
3388,17378
3388,17379
3388,17380
3388,17381
3388,17382
3388,17383
3388,17384
3388,17385
3388,17386
3388,17387
3388,17388
3388,17389
3388,17390
3388,17391
3388,17392
3388,17393
3388,17394
3388,17395
3388,17396
3388,17397
3388,17398
3388,17399
3388,17400
3388,17401
3388,17402
3389,17230
3389,17231
3389,17232
3389,17233
3389,17234
3389,17235
3389,17236
3389,17237
3389,17238
3389,17239
3389,17240
3389,17241
3389,17242
3389,17243
3389,17244
3389,17245
3389,17246
3389,17247
3389,17248
3389,17249
3389,17250
3389,17251
3389,17252
3389,17253
3389,17254
3389,17255
3389,17256
3389,17257
3389,17258
3389,17259
3389,17260
3389,17261
3389,17262
3389,17263
3389,17264
3389,17265
3389,17266
3389,17267
3389,17268
3389,17269
3389,17270
3389,17271
3389,17272
3389,17273
3389,17274
3389,17275
3389,17276
3389,17277
3389,17278
3389,17279
3389,17280
3389,17281
3389,17282
3389,17283
3389,17284
3389,17285
3389,17286
3389,17287
3389,17288
3389,17289
3389,17290
3389,17291
3389,17292
3389,17293
3389,17294
3389,17295
3389,17296
3389,17297
3389,17298
3389,17299
3389,17300
3389,17301
3389,17302
3389,17303
3389,17304
3389,17305
3389,17306
3389,17307
3389,17308
3389,17309
3389,17310
3389,17311
3389,17312
3389,17313
3389,17314
3389,17315
3389,17316
3389,17317
3389,17318
3389,17319
3389,17320
3389,17321
3389,17322
3389,17323
3389,17324
3389,17325
3389,17326
3389,17327
3389,17328
3389,17329
3389,17330
3389,17331
3389,17332
3389,17333
3389,17334
3389,17335
3389,17336
3389,17337
3389,17338
3389,17339
3389,17340
3389,17341
3389,17342
3389,17343
3389,17344
3389,17345
3389,17346
3389,17347
3389,17348
3389,17349
3389,17350
3389,17351
3389,17352
3389,17353
3389,17354
3389,17355
3389,17356
3389,17357
3389,17358
3389,17359
3389,17360
3389,17361
3389,17362
3389,17363
3389,17364
3389,17365
3389,17366
3389,17367
3389,17368
3389,17369
3389,17370
3389,17371
3389,17372
3389,17373
3389,17374
3389,17375
3389,17376
3389,17377
3389,17378
3389,17379
3389,17380
3389,17381
3389,17382
3389,17383
3389,17384
3389,17385
3389,17386
3389,17387
3389,17388
3389,17389
3389,17390
3389,17391
3389,17392
3389,17393
3389,17394
3389,17395
3389,17396
3389,17397
3389,17398
3389,17399
3389,17400
3389,17401
3389,17402
3390,17231
3390,17232
3390,17233
3390,17234
3390,17235
3390,17236
3390,17237
3390,17238
3390,17239
3390,17240
3390,17241
3390,17242
3390,17243
3390,17244
3390,17245
3390,17246
3390,17247
3390,17248
3390,17249
3390,17250
3390,17251
3390,17252
3390,17253
3390,17254
3390,17255
3390,17256
3390,17257
3390,17258
3390,17259
3390,17260
3390,17261
3390,17262
3390,17263
3390,17264
3390,17265
3390,17266
3390,17267
3390,17268
3390,17269
3390,17270
3390,17271
3390,17272
3390,17273
3390,17274
3390,17275
3390,17276
3390,17277
3390,17278
3390,17279
3390,17280
3390,17281
3390,17282
3390,17283
3390,17284
3390,17285
3390,17286
3390,17287
3390,17288
3390,17289
3390,17290
3390,17291
3390,17292
3390,17293
3390,17294
3390,17295
3390,17296
3390,17297
3390,17298
3390,17299
3390,17300
3390,17301
3390,17302
3390,17303
3390,17304
3390,17305
3390,17306
3390,17307
3390,17308
3390,17309
3390,17310
3390,17311
3390,17312
3390,17313
3390,17314
3390,17315
3390,17316
3390,17317
3390,17318
3390,17319
3390,17320
3390,17321
3390,17322
3390,17323
3390,17324
3390,17325
3390,17326
3390,17327
3390,17328
3390,17329
3390,17330
3390,17331
3390,17332
3390,17333
3390,17334
3390,17335
3390,17336
3390,17337
3390,17338
3390,17339
3390,17340
3390,17341
3390,17342
3390,17343
3390,17344
3390,17345
3390,17346
3390,17347
3390,17348
3390,17349
3390,17350
3390,17351
3390,17352
3390,17353
3390,17354
3390,17355
3390,17356
3390,17357
3390,17358
3390,17359
3390,17360
3390,17361
3390,17362
3390,17363
3390,17364
3390,17365
3390,17366
3390,17367
3390,17368
3390,17369
3390,17370
3390,17371
3390,17372
3390,17373
3390,17374
3390,17375
3390,17376
3390,17377
3390,17378
3390,17379
3390,17380
3390,17381
3390,17382
3390,17383
3390,17384
3390,17385
3390,17386
3390,17387
3390,17388
3390,17389
3390,17390
3390,17391
3390,17392
3390,17393
3390,17394
3390,17395
3390,17396
3390,17397
3390,17398
3390,17399
3390,17400
3390,17401
3390,17402
3390,17403
3391,17234
3391,17236
3391,17237
3391,17238
3391,17239
3391,17240
3391,17241
3391,17242
3391,17243
3391,17244
3391,17245
3391,17246
3391,17247
3391,17248
3391,17249
3391,17250
3391,17251
3391,17252
3391,17253
3391,17254
3391,17255
3391,17256
3391,17257
3391,17258
3391,17259
3391,17260
3391,17261
3391,17262
3391,17263
3391,17264
3391,17265
3391,17266
3391,17267
3391,17268
3391,17269
3391,17270
3391,17271
3391,17272
3391,17273
3391,17274
3391,17275
3391,17276
3391,17277
3391,17278
3391,17279
3391,17280
3391,17281
3391,17282
3391,17283
3391,17284
3391,17285
3391,17286
3391,17287
3391,17288
3391,17289
3391,17290
3391,17291
3391,17292
3391,17293
3391,17294
3391,17295
3391,17296
3391,17297
3391,17298
3391,17299
3391,17300
3391,17301
3391,17302
3391,17303
3391,17304
3391,17305
3391,17306
3391,17307
3391,17308
3391,17309
3391,17310
3391,17311
3391,17312
3391,17313
3391,17314
3391,17315
3391,17316
3391,17317
3391,17318
3391,17319
3391,17320
3391,17321
3391,17322
3391,17323
3391,17324
3391,17325
3391,17326
3391,17327
3391,17328
3391,17329
3391,17330
3391,17331
3391,17332
3391,17333
3391,17334
3391,17335
3391,17336
3391,17337
3391,17338
3391,17339
3391,17340
3391,17341
3391,17342
3391,17343
3391,17344
3391,17345
3391,17346
3391,17347
3391,17348
3391,17349
3391,17350
3391,17351
3391,17352
3391,17353
3391,17354
3391,17355
3391,17356
3391,17357
3391,17358
3391,17359
3391,17360
3391,17361
3391,17362
3391,17363
3391,17364
3391,17365
3391,17366
3391,17367
3391,17368
3391,17369
3391,17370
3391,17371
3391,17372
3391,17373
3391,17374
3391,17375
3391,17376
3391,17377
3391,17378
3391,17379
3391,17380
3391,17381
3391,17382
3391,17383
3391,17384
3391,17385
3391,17386
3391,17387
3391,17388
3391,17389
3391,17390
3391,17391
3391,17392
3391,17393
3391,17394
3391,17395
3391,17396
3391,17397
3391,17398
3391,17399
3391,17400
3391,17401
3391,17402
3391,17403
3391,17404
3392,17236
3392,17237
3392,17238
3392,17239
3392,17240
3392,17241
3392,17242
3392,17243
3392,17244
3392,17245
3392,17246
3392,17247
3392,17248
3392,17249
3392,17250
3392,17251
3392,17252
3392,17253
3392,17254
3392,17255
3392,17256
3392,17257
3392,17258
3392,17259
3392,17260
3392,17261
3392,17262
3392,17263
3392,17264
3392,17265
3392,17266
3392,17267
3392,17268
3392,17269
3392,17270
3392,17271
3392,17272
3392,17273
3392,17274
3392,17275
3392,17276
3392,17277
3392,17278
3392,17279
3392,17280
3392,17281
3392,17282
3392,17283
3392,17284
3392,17285
3392,17286
3392,17287
3392,17288
3392,17289
3392,17290
3392,17291
3392,17292
3392,17293
3392,17294
3392,17295
3392,17296
3392,17297
3392,17298
3392,17299
3392,17300
3392,17301
3392,17302
3392,17303
3392,17304
3392,17305
3392,17306
3392,17307
3392,17308
3392,17309
3392,17310
3392,17311
3392,17312
3392,17313
3392,17314
3392,17315
3392,17316
3392,17317
3392,17318
3392,17319
3392,17320
3392,17321
3392,17322
3392,17323
3392,17324
3392,17325
3392,17326
3392,17327
3392,17328
3392,17329
3392,17330
3392,17331
3392,17332
3392,17333
3392,17334
3392,17335
3392,17336
3392,17337
3392,17338
3392,17339
3392,17340
3392,17341
3392,17342
3392,17343
3392,17344
3392,17345
3392,17346
3392,17347
3392,17348
3392,17349
3392,17350
3392,17351
3392,17352
3392,17353
3392,17354
3392,17355
3392,17356
3392,17357
3392,17358
3392,17359
3392,17360
3392,17361
3392,17362
3392,17363
3392,17364
3392,17365
3392,17366
3392,17367
3392,17368
3392,17369
3392,17370
3392,17371
3392,17372
3392,17373
3392,17374
3392,17375
3392,17376
3392,17377
3392,17378
3392,17379
3392,17380
3392,17381
3392,17382
3392,17383
3392,17384
3392,17385
3392,17386
3392,17387
3392,17388
3392,17389
3392,17390
3392,17391
3392,17392
3392,17393
3392,17394
3392,17395
3392,17396
3392,17397
3392,17398
3392,17399
3392,17400
3392,17401
3392,17402
3392,17403
3392,17404
3393,17237
3393,17238
3393,17239
3393,17240
3393,17241
3393,17242
3393,17243
3393,17244
3393,17245
3393,17246
3393,17247
3393,17248
3393,17249
3393,17250
3393,17251
3393,17252
3393,17253
3393,17254
3393,17255
3393,17256
3393,17257
3393,17258
3393,17259
3393,17260
3393,17261
3393,17262
3393,17263
3393,17264
3393,17265
3393,17266
3393,17267
3393,17268
3393,17269
3393,17270
3393,17271
3393,17272
3393,17273
3393,17274
3393,17275
3393,17276
3393,17277
3393,17278
3393,17279
3393,17280
3393,17281
3393,17282
3393,17283
3393,17284
3393,17285
3393,17286
3393,17287
3393,17288
3393,17289
3393,17290
3393,17291
3393,17292
3393,17293
3393,17294
3393,17295
3393,17296
3393,17297
3393,17298
3393,17299
3393,17300
3393,17301
3393,17302
3393,17303
3393,17304
3393,17305
3393,17306
3393,17307
3393,17308
3393,17309
3393,17310
3393,17311
3393,17312
3393,17313
3393,17314
3393,17315
3393,17316
3393,17317
3393,17318
3393,17319
3393,17320
3393,17321
3393,17322
3393,17323
3393,17324
3393,17325
3393,17326
3393,17327
3393,17328
3393,17329
3393,17330
3393,17331
3393,17332
3393,17333
3393,17334
3393,17335
3393,17336
3393,17337
3393,17338
3393,17339
3393,17340
3393,17341
3393,17342
3393,17343
3393,17344
3393,17345
3393,17346
3393,17347
3393,17348
3393,17349
3393,17350
3393,17351
3393,17352
3393,17353
3393,17354
3393,17355
3393,17356
3393,17357
3393,17358
3393,17359
3393,17360
3393,17361
3393,17362
3393,17363
3393,17364
3393,17365
3393,17366
3393,17367
3393,17368
3393,17369
3393,17370
3393,17371
3393,17372
3393,17373
3393,17374
3393,17375
3393,17376
3393,17377
3393,17378
3393,17379
3393,17380
3393,17381
3393,17382
3393,17383
3393,17384
3393,17385
3393,17386
3393,17387
3393,17388
3393,17389
3393,17390
3393,17391
3393,17392
3393,17393
3393,17394
3393,17395
3393,17396
3393,17397
3393,17398
3393,17399
3393,17400
3393,17401
3393,17402
3393,17403
3393,17404
3394,17237
3394,17238
3394,17239
3394,17240
3394,17241
3394,17242
3394,17243
3394,17244
3394,17245
3394,17246
3394,17247
3394,17248
3394,17249
3394,17250
3394,17251
3394,17252
3394,17253
3394,17254
3394,17255
3394,17256
3394,17257
3394,17258
3394,17259
3394,17260
3394,17261
3394,17262
3394,17263
3394,17264
3394,17265
3394,17266
3394,17267
3394,17268
3394,17269
3394,17270
3394,17271
3394,17272
3394,17273
3394,17274
3394,17275
3394,17276
3394,17277
3394,17278
3394,17279
3394,17280
3394,17281
3394,17282
3394,17283
3394,17284
3394,17285
3394,17286
3394,17287
3394,17288
3394,17289
3394,17290
3394,17291
3394,17292
3394,17293
3394,17294
3394,17295
3394,17296
3394,17297
3394,17298
3394,17299
3394,17300
3394,17301
3394,17302
3394,17303
3394,17304
3394,17305
3394,17306
3394,17307
3394,17308
3394,17309
3394,17310
3394,17311
3394,17312
3394,17313
3394,17314
3394,17315
3394,17316
3394,17317
3394,17318
3394,17319
3394,17320
3394,17321
3394,17322
3394,17323
3394,17324
3394,17325
3394,17326
3394,17327
3394,17328
3394,17329
3394,17330
3394,17331
3394,17332
3394,17333
3394,17334
3394,17335
3394,17336
3394,17337
3394,17338
3394,17339
3394,17340
3394,17341
3394,17342
3394,17343
3394,17344
3394,17345
3394,17346
3394,17347
3394,17348
3394,17349
3394,17350
3394,17351
3394,17352
3394,17353
3394,17354
3394,17355
3394,17356
3394,17357
3394,17358
3394,17359
3394,17360
3394,17361
3394,17362
3394,17363
3394,17364
3394,17365
3394,17366
3394,17367
3394,17368
3394,17369
3394,17370
3394,17371
3394,17372
3394,17373
3394,17374
3394,17375
3394,17376
3394,17377
3394,17378
3394,17379
3394,17380
3394,17381
3394,17382
3394,17383
3394,17384
3394,17385
3394,17386
3394,17387
3394,17388
3394,17389
3394,17390
3394,17391
3394,17392
3394,17393
3394,17394
3394,17395
3394,17396
3394,17397
3394,17398
3394,17399
3394,17400
3394,17401
3394,17402
3394,17403
3394,17404
3394,17405
3395,17238
3395,17239
3395,17240
3395,17241
3395,17242
3395,17243
3395,17244
3395,17245
3395,17246
3395,17247
3395,17248
3395,17249
3395,17250
3395,17251
3395,17252
3395,17253
3395,17254
3395,17255
3395,17256
3395,17257
3395,17258
3395,17259
3395,17260
3395,17261
3395,17262
3395,17263
3395,17264
3395,17265
3395,17266
3395,17267
3395,17268
3395,17269
3395,17270
3395,17271
3395,17272
3395,17273
3395,17274
3395,17275
3395,17276
3395,17277
3395,17278
3395,17279
3395,17280
3395,17281
3395,17282
3395,17283
3395,17284
3395,17285
3395,17286
3395,17287
3395,17288
3395,17289
3395,17290
3395,17291
3395,17292
3395,17293
3395,17294
3395,17295
3395,17296
3395,17297
3395,17298
3395,17299
3395,17300
3395,17301
3395,17302
3395,17303
3395,17304
3395,17305
3395,17306
3395,17307
3395,17308
3395,17309
3395,17310
3395,17311
3395,17312
3395,17313
3395,17314
3395,17315
3395,17316
3395,17317
3395,17318
3395,17319
3395,17320
3395,17321
3395,17322
3395,17323
3395,17324
3395,17325
3395,17326
3395,17327
3395,17328
3395,17329
3395,17330
3395,17331
3395,17332
3395,17333
3395,17334
3395,17335
3395,17336
3395,17337
3395,17338
3395,17339
3395,17340
3395,17341
3395,17342
3395,17343
3395,17344
3395,17345
3395,17346
3395,17347
3395,17348
3395,17349
3395,17350
3395,17351
3395,17352
3395,17353
3395,17354
3395,17355
3395,17356
3395,17357
3395,17358
3395,17359
3395,17360
3395,17361
3395,17362
3395,17363
3395,17364
3395,17365
3395,17366
3395,17367
3395,17368
3395,17369
3395,17370
3395,17371
3395,17372
3395,17373
3395,17374
3395,17375
3395,17376
3395,17377
3395,17378
3395,17379
3395,17380
3395,17381
3395,17382
3395,17383
3395,17384
3395,17385
3395,17386
3395,17387
3395,17388
3395,17389
3395,17390
3395,17391
3395,17392
3395,17393
3395,17394
3395,17395
3395,17396
3395,17397
3395,17398
3395,17399
3395,17400
3395,17401
3395,17402
3395,17403
3395,17404
3395,17405
3395,17406
3396,17238
3396,17239
3396,17240
3396,17241
3396,17242
3396,17243
3396,17244
3396,17245
3396,17246
3396,17247
3396,17248
3396,17249
3396,17250
3396,17251
3396,17252
3396,17253
3396,17254
3396,17255
3396,17256
3396,17257
3396,17258
3396,17259
3396,17260
3396,17261
3396,17262
3396,17263
3396,17264
3396,17265
3396,17266
3396,17267
3396,17268
3396,17269
3396,17270
3396,17271
3396,17272
3396,17273
3396,17274
3396,17275
3396,17276
3396,17277
3396,17278
3396,17279
3396,17280
3396,17281
3396,17282
3396,17283
3396,17284
3396,17285
3396,17286
3396,17287
3396,17288
3396,17289
3396,17290
3396,17291
3396,17292
3396,17293
3396,17294
3396,17295
3396,17296
3396,17297
3396,17298
3396,17299
3396,17300
3396,17301
3396,17302
3396,17303
3396,17304
3396,17305
3396,17306
3396,17307
3396,17308
3396,17309
3396,17310
3396,17311
3396,17312
3396,17313
3396,17314
3396,17315
3396,17316
3396,17317
3396,17318
3396,17319
3396,17320
3396,17321
3396,17322
3396,17323
3396,17324
3396,17325
3396,17326
3396,17327
3396,17328
3396,17329
3396,17330
3396,17331
3396,17332
3396,17333
3396,17334
3396,17335
3396,17336
3396,17337
3396,17338
3396,17339
3396,17340
3396,17341
3396,17342
3396,17343
3396,17344
3396,17345
3396,17346
3396,17347
3396,17348
3396,17349
3396,17350
3396,17351
3396,17352
3396,17353
3396,17354
3396,17355
3396,17356
3396,17357
3396,17358
3396,17359
3396,17360
3396,17361
3396,17362
3396,17363
3396,17364
3396,17365
3396,17366
3396,17367
3396,17368
3396,17369
3396,17370
3396,17371
3396,17372
3396,17373
3396,17374
3396,17375
3396,17376
3396,17377
3396,17378
3396,17379
3396,17380
3396,17381
3396,17382
3396,17383
3396,17384
3396,17385
3396,17386
3396,17387
3396,17388
3396,17389
3396,17390
3396,17391
3396,17392
3396,17393
3396,17394
3396,17395
3396,17396
3396,17397
3396,17398
3396,17399
3396,17400
3396,17401
3396,17402
3396,17403
3396,17404
3396,17405
3396,17406
3396,17407
3397,17238
3397,17239
3397,17240
3397,17241
3397,17242
3397,17243
3397,17244
3397,17245
3397,17246
3397,17247
3397,17248
3397,17249
3397,17250
3397,17251
3397,17252
3397,17253
3397,17254
3397,17255
3397,17256
3397,17257
3397,17258
3397,17259
3397,17260
3397,17261
3397,17262
3397,17263
3397,17264
3397,17265
3397,17266
3397,17267
3397,17268
3397,17269
3397,17270
3397,17271
3397,17272
3397,17273
3397,17274
3397,17275
3397,17276
3397,17277
3397,17278
3397,17279
3397,17280
3397,17281
3397,17282
3397,17283
3397,17284
3397,17285
3397,17286
3397,17287
3397,17288
3397,17289
3397,17290
3397,17291
3397,17292
3397,17293
3397,17294
3397,17295
3397,17296
3397,17297
3397,17298
3397,17299
3397,17300
3397,17301
3397,17302
3397,17303
3397,17304
3397,17305
3397,17306
3397,17307
3397,17308
3397,17309
3397,17310
3397,17311
3397,17312
3397,17313
3397,17314
3397,17315
3397,17316
3397,17317
3397,17318
3397,17319
3397,17320
3397,17321
3397,17322
3397,17323
3397,17324
3397,17325
3397,17326
3397,17327
3397,17328
3397,17329
3397,17330
3397,17331
3397,17332
3397,17333
3397,17334
3397,17335
3397,17336
3397,17337
3397,17338
3397,17339
3397,17340
3397,17341
3397,17342
3397,17343
3397,17344
3397,17345
3397,17346
3397,17347
3397,17348
3397,17349
3397,17350
3397,17351
3397,17352
3397,17353
3397,17354
3397,17355
3397,17356
3397,17357
3397,17358
3397,17359
3397,17360
3397,17361
3397,17362
3397,17363
3397,17364
3397,17365
3397,17366
3397,17367
3397,17368
3397,17369
3397,17370
3397,17371
3397,17372
3397,17373
3397,17374
3397,17375
3397,17376
3397,17377
3397,17378
3397,17379
3397,17380
3397,17381
3397,17382
3397,17383
3397,17384
3397,17385
3397,17386
3397,17387
3397,17388
3397,17389
3397,17390
3397,17391
3397,17392
3397,17393
3397,17394
3397,17395
3397,17396
3397,17397
3397,17398
3397,17399
3397,17400
3397,17401
3397,17402
3397,17403
3397,17404
3397,17405
3397,17406
3397,17407
3397,17408
3398,17237
3398,17238
3398,17239
3398,17240
3398,17241
3398,17242
3398,17243
3398,17244
3398,17245
3398,17246
3398,17247
3398,17248
3398,17249
3398,17250
3398,17251
3398,17252
3398,17253
3398,17254
3398,17255
3398,17256
3398,17257
3398,17258
3398,17259
3398,17260
3398,17261
3398,17262
3398,17263
3398,17264
3398,17265
3398,17266
3398,17267
3398,17268
3398,17269
3398,17270
3398,17271
3398,17272
3398,17273
3398,17274
3398,17275
3398,17276
3398,17277
3398,17278
3398,17279
3398,17280
3398,17281
3398,17282
3398,17283
3398,17284
3398,17285
3398,17286
3398,17287
3398,17288
3398,17289
3398,17290
3398,17291
3398,17292
3398,17293
3398,17294
3398,17295
3398,17296
3398,17297
3398,17298
3398,17299
3398,17300
3398,17301
3398,17302
3398,17303
3398,17304
3398,17305
3398,17306
3398,17307
3398,17308
3398,17309
3398,17310
3398,17311
3398,17312
3398,17313
3398,17314
3398,17315
3398,17316
3398,17317
3398,17318
3398,17319
3398,17320
3398,17321
3398,17322
3398,17323
3398,17324
3398,17325
3398,17326
3398,17327
3398,17328
3398,17329
3398,17330
3398,17331
3398,17332
3398,17333
3398,17334
3398,17335
3398,17336
3398,17337
3398,17338
3398,17339
3398,17340
3398,17341
3398,17342
3398,17343
3398,17344
3398,17345
3398,17346
3398,17347
3398,17348
3398,17349
3398,17350
3398,17351
3398,17352
3398,17353
3398,17354
3398,17355
3398,17356
3398,17357
3398,17358
3398,17359
3398,17360
3398,17361
3398,17362
3398,17363
3398,17364
3398,17365
3398,17366
3398,17367
3398,17368
3398,17369
3398,17370
3398,17371
3398,17372
3398,17373
3398,17374
3398,17375
3398,17376
3398,17377
3398,17378
3398,17379
3398,17380
3398,17381
3398,17382
3398,17383
3398,17384
3398,17385
3398,17386
3398,17387
3398,17388
3398,17389
3398,17390
3398,17391
3398,17392
3398,17393
3398,17394
3398,17395
3398,17396
3398,17397
3398,17398
3398,17399
3398,17400
3398,17401
3398,17402
3398,17403
3398,17404
3398,17405
3398,17406
3398,17407
3398,17408
3399,17235
3399,17236
3399,17237
3399,17238
3399,17239
3399,17240
3399,17241
3399,17242
3399,17243
3399,17244
3399,17245
3399,17246
3399,17247
3399,17248
3399,17249
3399,17250
3399,17251
3399,17252
3399,17253
3399,17254
3399,17255
3399,17256
3399,17257
3399,17258
3399,17259
3399,17260
3399,17261
3399,17262
3399,17263
3399,17264
3399,17265
3399,17266
3399,17267
3399,17268
3399,17269
3399,17270
3399,17271
3399,17272
3399,17273
3399,17274
3399,17275
3399,17276
3399,17277
3399,17278
3399,17279
3399,17280
3399,17281
3399,17282
3399,17283
3399,17284
3399,17285
3399,17286
3399,17287
3399,17288
3399,17289
3399,17290
3399,17291
3399,17292
3399,17293
3399,17294
3399,17295
3399,17296
3399,17297
3399,17298
3399,17299
3399,17300
3399,17301
3399,17302
3399,17303
3399,17304
3399,17305
3399,17306
3399,17307
3399,17308
3399,17309
3399,17310
3399,17311
3399,17312
3399,17313
3399,17314
3399,17315
3399,17316
3399,17317
3399,17318
3399,17319
3399,17320
3399,17321
3399,17322
3399,17323
3399,17324
3399,17325
3399,17326
3399,17327
3399,17328
3399,17329
3399,17330
3399,17331
3399,17332
3399,17333
3399,17334
3399,17335
3399,17336
3399,17337
3399,17338
3399,17339
3399,17340
3399,17341
3399,17342
3399,17343
3399,17344
3399,17345
3399,17346
3399,17347
3399,17348
3399,17349
3399,17350
3399,17351
3399,17352
3399,17353
3399,17354
3399,17355
3399,17356
3399,17357
3399,17358
3399,17359
3399,17360
3399,17361
3399,17362
3399,17363
3399,17364
3399,17365
3399,17366
3399,17367
3399,17368
3399,17369
3399,17370
3399,17371
3399,17372
3399,17373
3399,17374
3399,17375
3399,17376
3399,17377
3399,17378
3399,17379
3399,17380
3399,17381
3399,17382
3399,17383
3399,17384
3399,17385
3399,17386
3399,17387
3399,17388
3399,17389
3399,17390
3399,17391
3399,17392
3399,17393
3399,17394
3399,17395
3399,17396
3399,17397
3399,17398
3399,17399
3399,17400
3399,17401
3399,17402
3399,17403
3399,17404
3399,17405
3399,17406
3399,17407
3399,17408
3399,17409
3400,17234
3400,17235
3400,17236
3400,17237
3400,17238
3400,17239
3400,17240
3400,17241
3400,17242
3400,17243
3400,17244
3400,17245
3400,17246
3400,17247
3400,17248
3400,17249
3400,17250
3400,17251
3400,17252
3400,17253
3400,17254
3400,17255
3400,17256
3400,17257
3400,17258
3400,17259
3400,17260
3400,17261
3400,17262
3400,17263
3400,17264
3400,17265
3400,17266
3400,17267
3400,17268
3400,17269
3400,17270
3400,17271
3400,17272
3400,17273
3400,17274
3400,17275
3400,17276
3400,17277
3400,17278
3400,17279
3400,17280
3400,17281
3400,17282
3400,17283
3400,17284
3400,17285
3400,17286
3400,17287
3400,17288
3400,17289
3400,17290
3400,17291
3400,17292
3400,17293
3400,17294
3400,17295
3400,17296
3400,17297
3400,17298
3400,17299
3400,17300
3400,17301
3400,17302
3400,17303
3400,17304
3400,17305
3400,17306
3400,17307
3400,17308
3400,17309
3400,17310
3400,17311
3400,17312
3400,17313
3400,17314
3400,17315
3400,17316
3400,17317
3400,17318
3400,17319
3400,17320
3400,17321
3400,17322
3400,17323
3400,17324
3400,17325
3400,17326
3400,17327
3400,17328
3400,17329
3400,17330
3400,17331
3400,17332
3400,17333
3400,17334
3400,17335
3400,17336
3400,17337
3400,17338
3400,17339
3400,17340
3400,17341
3400,17342
3400,17343
3400,17344
3400,17345
3400,17346
3400,17347
3400,17348
3400,17349
3400,17350
3400,17351
3400,17352
3400,17353
3400,17354
3400,17355
3400,17356
3400,17357
3400,17358
3400,17359
3400,17360
3400,17361
3400,17362
3400,17363
3400,17364
3400,17365
3400,17366
3400,17367
3400,17368
3400,17369
3400,17370
3400,17371
3400,17372
3400,17373
3400,17374
3400,17375
3400,17376
3400,17377
3400,17378
3400,17379
3400,17380
3400,17381
3400,17382
3400,17383
3400,17384
3400,17385
3400,17386
3400,17387
3400,17388
3400,17389
3400,17390
3400,17391
3400,17392
3400,17393
3400,17394
3400,17395
3400,17396
3400,17397
3400,17398
3400,17399
3400,17400
3400,17401
3400,17402
3400,17403
3400,17404
3400,17405
3400,17406
3400,17407
3400,17408
3401,17233
3401,17234
3401,17235
3401,17236
3401,17237
3401,17238
3401,17239
3401,17240
3401,17241
3401,17242
3401,17243
3401,17244
3401,17245
3401,17246
3401,17247
3401,17248
3401,17249
3401,17250
3401,17251
3401,17252
3401,17253
3401,17254
3401,17255
3401,17256
3401,17257
3401,17258
3401,17259
3401,17260
3401,17261
3401,17262
3401,17263
3401,17264
3401,17265
3401,17266
3401,17267
3401,17268
3401,17269
3401,17270
3401,17271
3401,17272
3401,17273
3401,17274
3401,17275
3401,17276
3401,17277
3401,17278
3401,17279
3401,17280
3401,17281
3401,17282
3401,17283
3401,17284
3401,17285
3401,17286
3401,17287
3401,17288
3401,17289
3401,17290
3401,17291
3401,17292
3401,17293
3401,17294
3401,17295
3401,17296
3401,17297
3401,17298
3401,17299
3401,17300
3401,17301
3401,17302
3401,17303
3401,17304
3401,17305
3401,17306
3401,17307
3401,17308
3401,17309
3401,17310
3401,17311
3401,17312
3401,17313
3401,17314
3401,17315
3401,17316
3401,17317
3401,17318
3401,17319
3401,17320
3401,17321
3401,17322
3401,17323
3401,17324
3401,17325
3401,17326
3401,17327
3401,17328
3401,17329
3401,17330
3401,17331
3401,17332
3401,17333
3401,17334
3401,17335
3401,17336
3401,17337
3401,17338
3401,17339
3401,17340
3401,17341
3401,17342
3401,17343
3401,17344
3401,17345
3401,17346
3401,17347
3401,17348
3401,17349
3401,17350
3401,17351
3401,17352
3401,17353
3401,17354
3401,17355
3401,17356
3401,17357
3401,17358
3401,17359
3401,17360
3401,17361
3401,17362
3401,17363
3401,17364
3401,17365
3401,17366
3401,17367
3401,17368
3401,17369
3401,17370
3401,17371
3401,17372
3401,17373
3401,17374
3401,17375
3401,17376
3401,17377
3401,17378
3401,17379
3401,17380
3401,17381
3401,17382
3401,17383
3401,17384
3401,17385
3401,17386
3401,17387
3401,17388
3401,17389
3401,17390
3401,17391
3401,17392
3401,17393
3401,17394
3401,17395
3401,17396
3401,17397
3401,17398
3401,17399
3401,17400
3401,17401
3401,17402
3401,17403
3401,17404
3401,17405
3401,17406
3401,17407
3401,17408
3402,17232
3402,17233
3402,17234
3402,17235
3402,17236
3402,17237
3402,17238
3402,17239
3402,17240
3402,17241
3402,17242
3402,17243
3402,17244
3402,17245
3402,17246
3402,17247
3402,17248
3402,17249
3402,17250
3402,17251
3402,17252
3402,17253
3402,17254
3402,17255
3402,17256
3402,17257
3402,17258
3402,17259
3402,17260
3402,17261
3402,17262
3402,17263
3402,17264
3402,17265
3402,17266
3402,17267
3402,17268
3402,17269
3402,17270
3402,17271
3402,17272
3402,17273
3402,17274
3402,17275
3402,17276
3402,17277
3402,17278
3402,17279
3402,17280
3402,17281
3402,17282
3402,17283
3402,17284
3402,17285
3402,17286
3402,17287
3402,17288
3402,17289
3402,17290
3402,17291
3402,17292
3402,17293
3402,17294
3402,17295
3402,17296
3402,17297
3402,17298
3402,17299
3402,17300
3402,17301
3402,17302
3402,17303
3402,17304
3402,17305
3402,17306
3402,17307
3402,17308
3402,17309
3402,17310
3402,17311
3402,17312
3402,17313
3402,17314
3402,17315
3402,17316
3402,17317
3402,17318
3402,17319
3402,17320
3402,17321
3402,17322
3402,17323
3402,17324
3402,17325
3402,17326
3402,17327
3402,17328
3402,17329
3402,17330
3402,17331
3402,17332
3402,17333
3402,17334
3402,17335
3402,17336
3402,17337
3402,17338
3402,17339
3402,17340
3402,17341
3402,17342
3402,17343
3402,17344
3402,17345
3402,17346
3402,17347
3402,17348
3402,17349
3402,17350
3402,17351
3402,17352
3402,17353
3402,17354
3402,17355
3402,17356
3402,17357
3402,17358
3402,17359
3402,17360
3402,17361
3402,17362
3402,17363
3402,17364
3402,17365
3402,17366
3402,17367
3402,17368
3402,17369
3402,17370
3402,17371
3402,17372
3402,17373
3402,17374
3402,17375
3402,17376
3402,17377
3402,17378
3402,17379
3402,17380
3402,17381
3402,17382
3402,17383
3402,17384
3402,17385
3402,17386
3402,17387
3402,17388
3402,17389
3402,17390
3402,17391
3402,17392
3402,17393
3402,17394
3402,17395
3402,17396
3402,17397
3402,17398
3402,17399
3402,17400
3402,17401
3402,17402
3402,17403
3402,17404
3402,17405
3402,17406
3402,17407
3402,17408
3403,17232
3403,17233
3403,17234
3403,17235
3403,17236
3403,17237
3403,17238
3403,17239
3403,17240
3403,17241
3403,17242
3403,17243
3403,17244
3403,17245
3403,17246
3403,17247
3403,17248
3403,17249
3403,17250
3403,17251
3403,17252
3403,17253
3403,17254
3403,17255
3403,17256
3403,17257
3403,17258
3403,17259
3403,17260
3403,17261
3403,17262
3403,17263
3403,17264
3403,17265
3403,17266
3403,17267
3403,17268
3403,17269
3403,17270
3403,17271
3403,17272
3403,17273
3403,17274
3403,17275
3403,17276
3403,17277
3403,17278
3403,17279
3403,17280
3403,17281
3403,17282
3403,17283
3403,17284
3403,17285
3403,17286
3403,17287
3403,17288
3403,17289
3403,17290
3403,17291
3403,17292
3403,17293
3403,17294
3403,17295
3403,17296
3403,17297
3403,17298
3403,17299
3403,17300
3403,17301
3403,17302
3403,17303
3403,17304
3403,17305
3403,17306
3403,17307
3403,17308
3403,17309
3403,17310
3403,17311
3403,17312
3403,17313
3403,17314
3403,17315
3403,17316
3403,17317
3403,17318
3403,17319
3403,17320
3403,17321
3403,17322
3403,17323
3403,17324
3403,17325
3403,17326
3403,17327
3403,17328
3403,17329
3403,17330
3403,17331
3403,17332
3403,17333
3403,17334
3403,17335
3403,17336
3403,17337
3403,17338
3403,17339
3403,17340
3403,17341
3403,17342
3403,17343
3403,17344
3403,17345
3403,17346
3403,17347
3403,17348
3403,17349
3403,17350
3403,17351
3403,17352
3403,17353
3403,17354
3403,17355
3403,17356
3403,17357
3403,17358
3403,17359
3403,17360
3403,17361
3403,17362
3403,17363
3403,17364
3403,17365
3403,17366
3403,17367
3403,17368
3403,17369
3403,17370
3403,17371
3403,17372
3403,17373
3403,17374
3403,17375
3403,17376
3403,17377
3403,17378
3403,17379
3403,17380
3403,17381
3403,17382
3403,17383
3403,17384
3403,17385
3403,17386
3403,17387
3403,17388
3403,17389
3403,17390
3403,17391
3403,17392
3403,17393
3403,17394
3403,17395
3403,17396
3403,17397
3403,17398
3403,17399
3403,17400
3403,17401
3403,17402
3403,17403
3403,17404
3403,17405
3403,17406
3403,17407
3403,17408
3404,17232
3404,17233
3404,17234
3404,17235
3404,17236
3404,17237
3404,17238
3404,17239
3404,17240
3404,17241
3404,17242
3404,17243
3404,17244
3404,17245
3404,17246
3404,17247
3404,17248
3404,17249
3404,17250
3404,17251
3404,17252
3404,17253
3404,17254
3404,17255
3404,17256
3404,17257
3404,17258
3404,17259
3404,17260
3404,17261
3404,17262
3404,17263
3404,17264
3404,17265
3404,17266
3404,17267
3404,17268
3404,17269
3404,17270
3404,17271
3404,17272
3404,17273
3404,17274
3404,17275
3404,17276
3404,17277
3404,17278
3404,17279
3404,17280
3404,17281
3404,17282
3404,17283
3404,17284
3404,17285
3404,17286
3404,17287
3404,17288
3404,17289
3404,17290
3404,17291
3404,17292
3404,17293
3404,17294
3404,17295
3404,17296
3404,17297
3404,17298
3404,17299
3404,17300
3404,17301
3404,17302
3404,17303
3404,17304
3404,17305
3404,17306
3404,17307
3404,17308
3404,17309
3404,17310
3404,17311
3404,17312
3404,17313
3404,17314
3404,17315
3404,17316
3404,17317
3404,17318
3404,17319
3404,17320
3404,17321
3404,17322
3404,17323
3404,17324
3404,17325
3404,17326
3404,17327
3404,17328
3404,17329
3404,17330
3404,17331
3404,17332
3404,17333
3404,17334
3404,17335
3404,17336
3404,17337
3404,17338
3404,17339
3404,17340
3404,17341
3404,17342
3404,17343
3404,17344
3404,17345
3404,17346
3404,17347
3404,17348
3404,17349
3404,17350
3404,17351
3404,17352
3404,17353
3404,17354
3404,17355
3404,17356
3404,17357
3404,17358
3404,17359
3404,17360
3404,17361
3404,17362
3404,17363
3404,17364
3404,17365
3404,17366
3404,17367
3404,17368
3404,17369
3404,17370
3404,17371
3404,17372
3404,17373
3404,17374
3404,17375
3404,17376
3404,17377
3404,17378
3404,17379
3404,17380
3404,17381
3404,17382
3404,17383
3404,17384
3404,17385
3404,17386
3404,17387
3404,17388
3404,17389
3404,17390
3404,17391
3404,17392
3404,17393
3404,17394
3404,17395
3404,17396
3404,17397
3404,17398
3404,17399
3404,17400
3404,17401
3404,17402
3404,17403
3404,17404
3404,17405
3404,17406
3404,17407
3404,17408
3405,17231
3405,17232
3405,17233
3405,17234
3405,17235
3405,17236
3405,17237
3405,17238
3405,17239
3405,17240
3405,17241
3405,17242
3405,17243
3405,17244
3405,17245
3405,17246
3405,17247
3405,17248
3405,17249
3405,17250
3405,17251
3405,17252
3405,17253
3405,17254
3405,17255
3405,17256
3405,17257
3405,17258
3405,17259
3405,17260
3405,17261
3405,17262
3405,17263
3405,17264
3405,17265
3405,17266
3405,17267
3405,17268
3405,17269
3405,17270
3405,17271
3405,17272
3405,17273
3405,17274
3405,17275
3405,17276
3405,17277
3405,17278
3405,17279
3405,17280
3405,17281
3405,17282
3405,17283
3405,17284
3405,17285
3405,17286
3405,17287
3405,17288
3405,17289
3405,17290
3405,17291
3405,17292
3405,17293
3405,17294
3405,17295
3405,17296
3405,17297
3405,17298
3405,17299
3405,17300
3405,17301
3405,17302
3405,17303
3405,17304
3405,17305
3405,17306
3405,17307
3405,17308
3405,17309
3405,17310
3405,17311
3405,17312
3405,17313
3405,17314
3405,17315
3405,17316
3405,17317
3405,17318
3405,17319
3405,17320
3405,17321
3405,17322
3405,17323
3405,17324
3405,17325
3405,17326
3405,17327
3405,17328
3405,17329
3405,17330
3405,17331
3405,17332
3405,17333
3405,17334
3405,17335
3405,17336
3405,17337
3405,17338
3405,17339
3405,17340
3405,17341
3405,17342
3405,17343
3405,17344
3405,17345
3405,17346
3405,17347
3405,17348
3405,17349
3405,17350
3405,17351
3405,17352
3405,17353
3405,17354
3405,17355
3405,17356
3405,17357
3405,17358
3405,17359
3405,17360
3405,17361
3405,17362
3405,17363
3405,17364
3405,17365
3405,17366
3405,17367
3405,17368
3405,17369
3405,17370
3405,17371
3405,17372
3405,17373
3405,17374
3405,17375
3405,17376
3405,17377
3405,17378
3405,17379
3405,17380
3405,17381
3405,17382
3405,17383
3405,17384
3405,17385
3405,17386
3405,17387
3405,17388
3405,17389
3405,17390
3405,17391
3405,17392
3405,17393
3405,17394
3405,17395
3405,17396
3405,17397
3405,17398
3405,17399
3405,17400
3405,17401
3405,17402
3405,17403
3405,17404
3405,17405
3405,17406
3405,17407
3405,17408
3406,17232
3406,17233
3406,17234
3406,17235
3406,17236
3406,17237
3406,17238
3406,17239
3406,17240
3406,17241
3406,17242
3406,17243
3406,17244
3406,17245
3406,17246
3406,17247
3406,17248
3406,17249
3406,17250
3406,17251
3406,17252
3406,17253
3406,17254
3406,17255
3406,17256
3406,17257
3406,17258
3406,17259
3406,17260
3406,17261
3406,17262
3406,17263
3406,17264
3406,17265
3406,17266
3406,17267
3406,17268
3406,17269
3406,17270
3406,17271
3406,17272
3406,17273
3406,17274
3406,17275
3406,17276
3406,17277
3406,17278
3406,17279
3406,17280
3406,17281
3406,17282
3406,17283
3406,17284
3406,17285
3406,17286
3406,17287
3406,17288
3406,17289
3406,17290
3406,17291
3406,17292
3406,17293
3406,17294
3406,17295
3406,17296
3406,17297
3406,17298
3406,17299
3406,17300
3406,17301
3406,17302
3406,17303
3406,17304
3406,17305
3406,17306
3406,17307
3406,17308
3406,17309
3406,17310
3406,17311
3406,17312
3406,17313
3406,17314
3406,17315
3406,17316
3406,17317
3406,17318
3406,17319
3406,17320
3406,17321
3406,17322
3406,17323
3406,17324
3406,17325
3406,17326
3406,17327
3406,17328
3406,17329
3406,17330
3406,17331
3406,17332
3406,17333
3406,17334
3406,17335
3406,17336
3406,17337
3406,17338
3406,17339
3406,17340
3406,17341
3406,17342
3406,17343
3406,17344
3406,17345
3406,17346
3406,17347
3406,17348
3406,17349
3406,17350
3406,17351
3406,17352
3406,17353
3406,17354
3406,17355
3406,17356
3406,17357
3406,17358
3406,17359
3406,17360
3406,17361
3406,17362
3406,17363
3406,17364
3406,17365
3406,17366
3406,17367
3406,17368
3406,17369
3406,17370
3406,17371
3406,17372
3406,17373
3406,17374
3406,17375
3406,17376
3406,17377
3406,17378
3406,17379
3406,17380
3406,17381
3406,17382
3406,17383
3406,17384
3406,17385
3406,17386
3406,17387
3406,17388
3406,17389
3406,17390
3406,17391
3406,17392
3406,17393
3406,17394
3406,17395
3406,17396
3406,17397
3406,17398
3406,17399
3406,17400
3406,17401
3406,17402
3406,17403
3406,17404
3406,17405
3406,17406
3406,17407
3407,17232
3407,17233
3407,17234
3407,17235
3407,17236
3407,17237
3407,17238
3407,17239
3407,17240
3407,17241
3407,17242
3407,17243
3407,17244
3407,17245
3407,17246
3407,17247
3407,17248
3407,17249
3407,17250
3407,17251
3407,17252
3407,17253
3407,17254
3407,17255
3407,17256
3407,17257
3407,17258
3407,17259
3407,17260
3407,17261
3407,17262
3407,17263
3407,17264
3407,17265
3407,17266
3407,17267
3407,17268
3407,17269
3407,17270
3407,17271
3407,17272
3407,17273
3407,17274
3407,17275
3407,17276
3407,17277
3407,17278
3407,17279
3407,17280
3407,17281
3407,17282
3407,17283
3407,17284
3407,17285
3407,17286
3407,17287
3407,17288
3407,17289
3407,17290
3407,17291
3407,17292
3407,17293
3407,17294
3407,17295
3407,17296
3407,17297
3407,17298
3407,17299
3407,17300
3407,17301
3407,17302
3407,17303
3407,17304
3407,17305
3407,17306
3407,17307
3407,17308
3407,17309
3407,17310
3407,17311
3407,17312
3407,17313
3407,17314
3407,17315
3407,17316
3407,17317
3407,17318
3407,17319
3407,17320
3407,17321
3407,17322
3407,17323
3407,17324
3407,17325
3407,17326
3407,17327
3407,17328
3407,17329
3407,17330
3407,17331
3407,17332
3407,17333
3407,17334
3407,17335
3407,17336
3407,17337
3407,17338
3407,17339
3407,17340
3407,17341
3407,17342
3407,17343
3407,17344
3407,17345
3407,17346
3407,17347
3407,17348
3407,17349
3407,17350
3407,17351
3407,17352
3407,17353
3407,17354
3407,17355
3407,17356
3407,17357
3407,17358
3407,17359
3407,17360
3407,17361
3407,17362
3407,17363
3407,17364
3407,17365
3407,17366
3407,17367
3407,17368
3407,17369
3407,17370
3407,17371
3407,17372
3407,17373
3407,17374
3407,17375
3407,17376
3407,17377
3407,17378
3407,17379
3407,17380
3407,17381
3407,17382
3407,17383
3407,17384
3407,17385
3407,17386
3407,17387
3407,17388
3407,17389
3407,17390
3407,17391
3407,17392
3407,17393
3407,17394
3407,17395
3407,17396
3407,17397
3407,17398
3407,17399
3407,17400
3407,17401
3407,17402
3407,17403
3407,17404
3407,17405
3407,17406
3407,17407
3408,17232
3408,17233
3408,17234
3408,17235
3408,17236
3408,17237
3408,17238
3408,17239
3408,17240
3408,17241
3408,17242
3408,17243
3408,17244
3408,17245
3408,17246
3408,17247
3408,17248
3408,17249
3408,17250
3408,17251
3408,17252
3408,17253
3408,17254
3408,17255
3408,17256
3408,17257
3408,17258
3408,17259
3408,17260
3408,17261
3408,17262
3408,17263
3408,17264
3408,17265
3408,17266
3408,17267
3408,17268
3408,17269
3408,17270
3408,17271
3408,17272
3408,17273
3408,17274
3408,17275
3408,17276
3408,17277
3408,17278
3408,17279
3408,17280
3408,17281
3408,17282
3408,17283
3408,17284
3408,17285
3408,17286
3408,17287
3408,17288
3408,17289
3408,17290
3408,17291
3408,17292
3408,17293
3408,17294
3408,17295
3408,17296
3408,17297
3408,17298
3408,17299
3408,17300
3408,17301
3408,17302
3408,17303
3408,17304
3408,17305
3408,17306
3408,17307
3408,17308
3408,17309
3408,17310
3408,17311
3408,17312
3408,17313
3408,17314
3408,17315
3408,17316
3408,17317
3408,17318
3408,17319
3408,17320
3408,17321
3408,17322
3408,17323
3408,17324
3408,17325
3408,17326
3408,17327
3408,17328
3408,17329
3408,17330
3408,17331
3408,17332
3408,17333
3408,17334
3408,17335
3408,17336
3408,17337
3408,17338
3408,17339
3408,17340
3408,17341
3408,17342
3408,17343
3408,17344
3408,17345
3408,17346
3408,17347
3408,17348
3408,17349
3408,17350
3408,17351
3408,17352
3408,17353
3408,17354
3408,17355
3408,17356
3408,17357
3408,17358
3408,17359
3408,17360
3408,17361
3408,17362
3408,17363
3408,17364
3408,17365
3408,17366
3408,17367
3408,17368
3408,17369
3408,17370
3408,17371
3408,17372
3408,17373
3408,17374
3408,17375
3408,17376
3408,17377
3408,17378
3408,17379
3408,17380
3408,17381
3408,17382
3408,17383
3408,17384
3408,17385
3408,17386
3408,17387
3408,17388
3408,17389
3408,17390
3408,17391
3408,17392
3408,17393
3408,17394
3408,17395
3408,17396
3408,17397
3408,17398
3408,17399
3408,17400
3408,17401
3408,17402
3408,17403
3408,17404
3408,17405
3408,17406
3408,17407
3409,17233
3409,17234
3409,17235
3409,17236
3409,17237
3409,17238
3409,17239
3409,17240
3409,17241
3409,17242
3409,17243
3409,17244
3409,17245
3409,17246
3409,17247
3409,17248
3409,17249
3409,17250
3409,17251
3409,17252
3409,17253
3409,17254
3409,17255
3409,17256
3409,17257
3409,17258
3409,17259
3409,17260
3409,17261
3409,17262
3409,17263
3409,17264
3409,17265
3409,17266
3409,17267
3409,17268
3409,17269
3409,17270
3409,17271
3409,17272
3409,17273
3409,17274
3409,17275
3409,17276
3409,17277
3409,17278
3409,17279
3409,17280
3409,17281
3409,17282
3409,17283
3409,17284
3409,17285
3409,17286
3409,17287
3409,17288
3409,17289
3409,17290
3409,17291
3409,17292
3409,17293
3409,17294
3409,17295
3409,17296
3409,17297
3409,17298
3409,17299
3409,17300
3409,17301
3409,17302
3409,17303
3409,17304
3409,17305
3409,17306
3409,17307
3409,17308
3409,17309
3409,17310
3409,17311
3409,17312
3409,17313
3409,17314
3409,17315
3409,17316
3409,17317
3409,17318
3409,17319
3409,17320
3409,17321
3409,17322
3409,17323
3409,17324
3409,17325
3409,17326
3409,17327
3409,17328
3409,17329
3409,17330
3409,17331
3409,17332
3409,17333
3409,17334
3409,17335
3409,17336
3409,17337
3409,17338
3409,17339
3409,17340
3409,17341
3409,17342
3409,17343
3409,17344
3409,17345
3409,17346
3409,17347
3409,17348
3409,17349
3409,17350
3409,17351
3409,17352
3409,17353
3409,17354
3409,17355
3409,17356
3409,17357
3409,17358
3409,17359
3409,17360
3409,17361
3409,17362
3409,17363
3409,17364
3409,17365
3409,17366
3409,17367
3409,17368
3409,17369
3409,17370
3409,17371
3409,17372
3409,17373
3409,17374
3409,17375
3409,17376
3409,17377
3409,17378
3409,17379
3409,17380
3409,17381
3409,17382
3409,17383
3409,17384
3409,17385
3409,17386
3409,17387
3409,17388
3409,17389
3409,17390
3409,17391
3409,17392
3409,17393
3409,17394
3409,17395
3409,17396
3409,17397
3409,17398
3409,17399
3409,17400
3409,17401
3409,17402
3409,17403
3409,17404
3409,17405
3409,17406
3410,17233
3410,17234
3410,17235
3410,17236
3410,17237
3410,17238
3410,17239
3410,17240
3410,17241
3410,17242
3410,17243
3410,17244
3410,17245
3410,17246
3410,17247
3410,17248
3410,17249
3410,17250
3410,17251
3410,17252
3410,17253
3410,17254
3410,17255
3410,17256
3410,17257
3410,17258
3410,17259
3410,17260
3410,17261
3410,17262
3410,17263
3410,17264
3410,17265
3410,17266
3410,17267
3410,17268
3410,17269
3410,17270
3410,17271
3410,17272
3410,17273
3410,17274
3410,17275
3410,17276
3410,17277
3410,17278
3410,17279
3410,17280
3410,17281
3410,17282
3410,17283
3410,17284
3410,17285
3410,17286
3410,17287
3410,17288
3410,17289
3410,17290
3410,17291
3410,17292
3410,17293
3410,17294
3410,17295
3410,17296
3410,17297
3410,17298
3410,17299
3410,17300
3410,17301
3410,17302
3410,17303
3410,17304
3410,17305
3410,17306
3410,17307
3410,17308
3410,17309
3410,17310
3410,17311
3410,17312
3410,17313
3410,17314
3410,17315
3410,17316
3410,17317
3410,17318
3410,17319
3410,17320
3410,17321
3410,17322
3410,17323
3410,17324
3410,17325
3410,17326
3410,17327
3410,17328
3410,17329
3410,17330
3410,17331
3410,17332
3410,17333
3410,17334
3410,17335
3410,17336
3410,17337
3410,17338
3410,17339
3410,17340
3410,17341
3410,17342
3410,17343
3410,17344
3410,17345
3410,17346
3410,17347
3410,17348
3410,17349
3410,17350
3410,17351
3410,17352
3410,17353
3410,17354
3410,17355
3410,17356
3410,17357
3410,17358
3410,17359
3410,17360
3410,17361
3410,17362
3410,17363
3410,17364
3410,17365
3410,17366
3410,17367
3410,17368
3410,17369
3410,17370
3410,17371
3410,17372
3410,17373
3410,17374
3410,17375
3410,17376
3410,17377
3410,17378
3410,17379
3410,17380
3410,17381
3410,17382
3410,17383
3410,17384
3410,17385
3410,17386
3410,17387
3410,17388
3410,17389
3410,17390
3410,17391
3410,17392
3410,17393
3410,17394
3410,17395
3410,17396
3410,17397
3410,17398
3410,17399
3410,17400
3410,17401
3410,17402
3410,17403
3410,17404
3410,17405
3411,17234
3411,17235
3411,17236
3411,17237
3411,17238
3411,17239
3411,17240
3411,17241
3411,17242
3411,17243
3411,17244
3411,17245
3411,17246
3411,17247
3411,17248
3411,17249
3411,17250
3411,17251
3411,17252
3411,17253
3411,17254
3411,17255
3411,17256
3411,17257
3411,17258
3411,17259
3411,17260
3411,17261
3411,17262
3411,17263
3411,17264
3411,17265
3411,17266
3411,17267
3411,17268
3411,17269
3411,17270
3411,17271
3411,17272
3411,17273
3411,17274
3411,17275
3411,17276
3411,17277
3411,17278
3411,17279
3411,17280
3411,17281
3411,17282
3411,17283
3411,17284
3411,17285
3411,17286
3411,17287
3411,17288
3411,17289
3411,17290
3411,17291
3411,17292
3411,17293
3411,17294
3411,17295
3411,17296
3411,17297
3411,17298
3411,17299
3411,17300
3411,17301
3411,17302
3411,17303
3411,17304
3411,17305
3411,17306
3411,17307
3411,17308
3411,17309
3411,17310
3411,17311
3411,17312
3411,17313
3411,17314
3411,17315
3411,17316
3411,17317
3411,17318
3411,17319
3411,17320
3411,17321
3411,17322
3411,17323
3411,17324
3411,17325
3411,17326
3411,17327
3411,17328
3411,17329
3411,17330
3411,17331
3411,17332
3411,17333
3411,17334
3411,17335
3411,17336
3411,17337
3411,17338
3411,17339
3411,17340
3411,17341
3411,17342
3411,17343
3411,17344
3411,17345
3411,17346
3411,17347
3411,17348
3411,17349
3411,17350
3411,17351
3411,17352
3411,17353
3411,17354
3411,17355
3411,17356
3411,17357
3411,17358
3411,17359
3411,17360
3411,17361
3411,17362
3411,17363
3411,17364
3411,17365
3411,17366
3411,17367
3411,17368
3411,17369
3411,17370
3411,17371
3411,17372
3411,17373
3411,17374
3411,17375
3411,17376
3411,17377
3411,17378
3411,17379
3411,17380
3411,17381
3411,17382
3411,17383
3411,17384
3411,17385
3411,17386
3411,17387
3411,17388
3411,17389
3411,17390
3411,17391
3411,17392
3411,17393
3411,17394
3411,17395
3411,17396
3411,17397
3411,17398
3411,17399
3411,17400
3411,17401
3411,17402
3411,17403
3411,17404
3412,17234
3412,17235
3412,17236
3412,17237
3412,17238
3412,17239
3412,17240
3412,17241
3412,17242
3412,17243
3412,17244
3412,17245
3412,17246
3412,17247
3412,17248
3412,17249
3412,17250
3412,17251
3412,17252
3412,17253
3412,17254
3412,17255
3412,17256
3412,17257
3412,17258
3412,17259
3412,17260
3412,17261
3412,17262
3412,17263
3412,17264
3412,17265
3412,17266
3412,17267
3412,17268
3412,17269
3412,17270
3412,17271
3412,17272
3412,17273
3412,17274
3412,17275
3412,17276
3412,17277
3412,17278
3412,17279
3412,17280
3412,17281
3412,17282
3412,17283
3412,17284
3412,17285
3412,17286
3412,17287
3412,17288
3412,17289
3412,17290
3412,17291
3412,17292
3412,17293
3412,17294
3412,17295
3412,17296
3412,17297
3412,17298
3412,17299
3412,17300
3412,17301
3412,17302
3412,17303
3412,17304
3412,17305
3412,17306
3412,17307
3412,17308
3412,17309
3412,17310
3412,17311
3412,17312
3412,17313
3412,17314
3412,17315
3412,17316
3412,17317
3412,17318
3412,17319
3412,17320
3412,17321
3412,17322
3412,17323
3412,17324
3412,17325
3412,17326
3412,17327
3412,17328
3412,17329
3412,17330
3412,17331
3412,17332
3412,17333
3412,17334
3412,17335
3412,17336
3412,17337
3412,17338
3412,17339
3412,17340
3412,17341
3412,17342
3412,17343
3412,17344
3412,17345
3412,17346
3412,17347
3412,17348
3412,17349
3412,17350
3412,17351
3412,17352
3412,17353
3412,17354
3412,17355
3412,17356
3412,17357
3412,17358
3412,17359
3412,17360
3412,17361
3412,17362
3412,17363
3412,17364
3412,17365
3412,17366
3412,17367
3412,17368
3412,17369
3412,17370
3412,17371
3412,17372
3412,17373
3412,17374
3412,17375
3412,17376
3412,17377
3412,17378
3412,17379
3412,17380
3412,17381
3412,17382
3412,17383
3412,17384
3412,17385
3412,17386
3412,17387
3412,17388
3412,17389
3412,17390
3412,17391
3412,17392
3412,17393
3412,17394
3412,17395
3412,17396
3412,17397
3412,17398
3412,17399
3412,17400
3412,17401
3412,17402
3412,17403
3413,17235
3413,17236
3413,17237
3413,17238
3413,17239
3413,17240
3413,17241
3413,17242
3413,17243
3413,17244
3413,17245
3413,17246
3413,17247
3413,17248
3413,17249
3413,17250
3413,17251
3413,17252
3413,17253
3413,17254
3413,17255
3413,17256
3413,17257
3413,17258
3413,17259
3413,17260
3413,17261
3413,17262
3413,17263
3413,17264
3413,17265
3413,17266
3413,17267
3413,17268
3413,17269
3413,17270
3413,17271
3413,17272
3413,17273
3413,17274
3413,17275
3413,17276
3413,17277
3413,17278
3413,17279
3413,17280
3413,17281
3413,17282
3413,17283
3413,17284
3413,17285
3413,17286
3413,17287
3413,17288
3413,17289
3413,17290
3413,17291
3413,17292
3413,17293
3413,17294
3413,17295
3413,17296
3413,17297
3413,17298
3413,17299
3413,17300
3413,17301
3413,17302
3413,17303
3413,17304
3413,17305
3413,17306
3413,17307
3413,17308
3413,17309
3413,17310
3413,17311
3413,17312
3413,17313
3413,17314
3413,17315
3413,17316
3413,17317
3413,17318
3413,17319
3413,17320
3413,17321
3413,17322
3413,17323
3413,17324
3413,17325
3413,17326
3413,17327
3413,17328
3413,17329
3413,17330
3413,17331
3413,17332
3413,17333
3413,17334
3413,17335
3413,17336
3413,17337
3413,17338
3413,17339
3413,17340
3413,17341
3413,17342
3413,17343
3413,17344
3413,17345
3413,17346
3413,17347
3413,17348
3413,17349
3413,17350
3413,17351
3413,17352
3413,17353
3413,17354
3413,17355
3413,17356
3413,17357
3413,17358
3413,17359
3413,17360
3413,17361
3413,17362
3413,17363
3413,17364
3413,17365
3413,17366
3413,17367
3413,17368
3413,17369
3413,17370
3413,17371
3413,17372
3413,17373
3413,17374
3413,17375
3413,17376
3413,17377
3413,17378
3413,17379
3413,17380
3413,17381
3413,17382
3413,17383
3413,17384
3413,17385
3413,17386
3413,17387
3413,17388
3413,17389
3413,17390
3413,17391
3413,17392
3413,17393
3413,17394
3413,17395
3413,17396
3413,17397
3413,17398
3413,17399
3413,17400
3413,17401
3413,17402
3414,17235
3414,17236
3414,17237
3414,17238
3414,17239
3414,17240
3414,17241
3414,17242
3414,17243
3414,17244
3414,17245
3414,17246
3414,17247
3414,17248
3414,17249
3414,17250
3414,17251
3414,17252
3414,17253
3414,17254
3414,17255
3414,17256
3414,17257
3414,17258
3414,17259
3414,17260
3414,17261
3414,17262
3414,17263
3414,17264
3414,17265
3414,17266
3414,17267
3414,17268
3414,17269
3414,17270
3414,17271
3414,17272
3414,17273
3414,17274
3414,17275
3414,17276
3414,17277
3414,17278
3414,17279
3414,17280
3414,17281
3414,17282
3414,17283
3414,17284
3414,17285
3414,17286
3414,17287
3414,17288
3414,17289
3414,17290
3414,17291
3414,17292
3414,17293
3414,17294
3414,17295
3414,17296
3414,17297
3414,17298
3414,17299
3414,17300
3414,17301
3414,17302
3414,17303
3414,17304
3414,17305
3414,17306
3414,17307
3414,17308
3414,17309
3414,17310
3414,17311
3414,17312
3414,17313
3414,17314
3414,17315
3414,17316
3414,17317
3414,17318
3414,17319
3414,17320
3414,17321
3414,17322
3414,17323
3414,17324
3414,17325
3414,17326
3414,17327
3414,17328
3414,17329
3414,17330
3414,17331
3414,17332
3414,17333
3414,17334
3414,17335
3414,17336
3414,17337
3414,17338
3414,17339
3414,17340
3414,17341
3414,17342
3414,17343
3414,17344
3414,17345
3414,17346
3414,17347
3414,17348
3414,17349
3414,17350
3414,17351
3414,17352
3414,17353
3414,17354
3414,17355
3414,17356
3414,17357
3414,17358
3414,17359
3414,17360
3414,17361
3414,17362
3414,17363
3414,17364
3414,17365
3414,17366
3414,17367
3414,17368
3414,17369
3414,17370
3414,17371
3414,17372
3414,17373
3414,17374
3414,17375
3414,17376
3414,17377
3414,17378
3414,17379
3414,17380
3414,17381
3414,17382
3414,17383
3414,17384
3414,17385
3414,17386
3414,17387
3414,17388
3414,17389
3414,17390
3414,17391
3414,17392
3414,17393
3414,17394
3414,17395
3414,17396
3414,17397
3414,17398
3414,17399
3414,17400
3414,17401
3415,17235
3415,17236
3415,17237
3415,17238
3415,17239
3415,17240
3415,17241
3415,17242
3415,17243
3415,17244
3415,17245
3415,17246
3415,17247
3415,17248
3415,17249
3415,17250
3415,17251
3415,17252
3415,17253
3415,17254
3415,17255
3415,17256
3415,17257
3415,17258
3415,17259
3415,17260
3415,17261
3415,17262
3415,17263
3415,17264
3415,17265
3415,17266
3415,17267
3415,17268
3415,17269
3415,17270
3415,17271
3415,17272
3415,17273
3415,17274
3415,17275
3415,17276
3415,17277
3415,17278
3415,17279
3415,17280
3415,17281
3415,17282
3415,17283
3415,17284
3415,17285
3415,17286
3415,17287
3415,17288
3415,17289
3415,17290
3415,17291
3415,17292
3415,17293
3415,17294
3415,17295
3415,17296
3415,17297
3415,17298
3415,17299
3415,17300
3415,17301
3415,17302
3415,17303
3415,17304
3415,17305
3415,17306
3415,17307
3415,17308
3415,17309
3415,17310
3415,17311
3415,17312
3415,17313
3415,17314
3415,17315
3415,17316
3415,17317
3415,17318
3415,17319
3415,17320
3415,17321
3415,17322
3415,17323
3415,17324
3415,17325
3415,17326
3415,17327
3415,17328
3415,17329
3415,17330
3415,17331
3415,17332
3415,17333
3415,17334
3415,17335
3415,17336
3415,17337
3415,17338
3415,17339
3415,17340
3415,17341
3415,17342
3415,17343
3415,17344
3415,17345
3415,17346
3415,17347
3415,17348
3415,17349
3415,17350
3415,17351
3415,17352
3415,17353
3415,17354
3415,17355
3415,17356
3415,17357
3415,17358
3415,17359
3415,17360
3415,17361
3415,17362
3415,17363
3415,17364
3415,17365
3415,17366
3415,17367
3415,17368
3415,17369
3415,17370
3415,17371
3415,17372
3415,17373
3415,17374
3415,17375
3415,17376
3415,17377
3415,17378
3415,17379
3415,17380
3415,17381
3415,17382
3415,17383
3415,17384
3415,17385
3415,17386
3415,17387
3415,17388
3415,17389
3415,17390
3415,17391
3415,17392
3415,17393
3415,17394
3415,17395
3415,17396
3415,17397
3415,17398
3415,17399
3415,17400
3416,17235
3416,17236
3416,17237
3416,17238
3416,17239
3416,17240
3416,17241
3416,17242
3416,17243
3416,17244
3416,17245
3416,17246
3416,17247
3416,17248
3416,17249
3416,17250
3416,17251
3416,17252
3416,17253
3416,17254
3416,17255
3416,17256
3416,17257
3416,17258
3416,17259
3416,17260
3416,17261
3416,17262
3416,17263
3416,17264
3416,17265
3416,17266
3416,17267
3416,17268
3416,17269
3416,17270
3416,17271
3416,17272
3416,17273
3416,17274
3416,17275
3416,17276
3416,17277
3416,17278
3416,17279
3416,17280
3416,17281
3416,17282
3416,17283
3416,17284
3416,17285
3416,17286
3416,17287
3416,17288
3416,17289
3416,17290
3416,17291
3416,17292
3416,17293
3416,17294
3416,17295
3416,17296
3416,17297
3416,17298
3416,17299
3416,17300
3416,17301
3416,17302
3416,17303
3416,17304
3416,17305
3416,17306
3416,17307
3416,17308
3416,17309
3416,17310
3416,17311
3416,17312
3416,17313
3416,17314
3416,17315
3416,17316
3416,17317
3416,17318
3416,17319
3416,17320
3416,17321
3416,17322
3416,17323
3416,17324
3416,17325
3416,17326
3416,17327
3416,17328
3416,17329
3416,17330
3416,17331
3416,17332
3416,17333
3416,17334
3416,17335
3416,17336
3416,17337
3416,17338
3416,17339
3416,17340
3416,17341
3416,17342
3416,17343
3416,17344
3416,17345
3416,17346
3416,17347
3416,17348
3416,17349
3416,17350
3416,17351
3416,17352
3416,17353
3416,17354
3416,17355
3416,17356
3416,17357
3416,17358
3416,17359
3416,17360
3416,17361
3416,17362
3416,17363
3416,17364
3416,17365
3416,17366
3416,17367
3416,17368
3416,17369
3416,17370
3416,17371
3416,17372
3416,17373
3416,17374
3416,17375
3416,17376
3416,17377
3416,17378
3416,17379
3416,17380
3416,17381
3416,17382
3416,17383
3416,17384
3416,17385
3416,17386
3416,17387
3416,17388
3416,17389
3416,17390
3416,17391
3416,17392
3416,17393
3416,17394
3416,17395
3416,17396
3416,17397
3416,17398
3416,17399
3417,17236
3417,17237
3417,17238
3417,17239
3417,17240
3417,17241
3417,17242
3417,17243
3417,17244
3417,17245
3417,17246
3417,17247
3417,17248
3417,17249
3417,17250
3417,17251
3417,17252
3417,17253
3417,17254
3417,17255
3417,17256
3417,17257
3417,17258
3417,17259
3417,17260
3417,17261
3417,17262
3417,17263
3417,17264
3417,17265
3417,17266
3417,17267
3417,17268
3417,17269
3417,17270
3417,17271
3417,17272
3417,17273
3417,17274
3417,17275
3417,17276
3417,17277
3417,17278
3417,17279
3417,17280
3417,17281
3417,17282
3417,17283
3417,17284
3417,17285
3417,17286
3417,17287
3417,17288
3417,17289
3417,17290
3417,17291
3417,17292
3417,17293
3417,17294
3417,17295
3417,17296
3417,17297
3417,17298
3417,17299
3417,17300
3417,17301
3417,17302
3417,17303
3417,17304
3417,17305
3417,17306
3417,17307
3417,17308
3417,17309
3417,17310
3417,17311
3417,17312
3417,17313
3417,17314
3417,17315
3417,17316
3417,17317
3417,17318
3417,17319
3417,17320
3417,17321
3417,17322
3417,17323
3417,17324
3417,17325
3417,17326
3417,17327
3417,17328
3417,17329
3417,17330
3417,17331
3417,17332
3417,17333
3417,17334
3417,17335
3417,17336
3417,17337
3417,17338
3417,17339
3417,17340
3417,17341
3417,17342
3417,17343
3417,17344
3417,17345
3417,17346
3417,17347
3417,17348
3417,17349
3417,17350
3417,17351
3417,17352
3417,17353
3417,17354
3417,17355
3417,17356
3417,17357
3417,17358
3417,17359
3417,17360
3417,17361
3417,17362
3417,17363
3417,17364
3417,17365
3417,17366
3417,17367
3417,17368
3417,17369
3417,17370
3417,17371
3417,17372
3417,17373
3417,17374
3417,17375
3417,17376
3417,17377
3417,17378
3417,17379
3417,17380
3417,17381
3417,17382
3417,17383
3417,17384
3417,17385
3417,17386
3417,17387
3417,17388
3417,17389
3417,17390
3417,17391
3417,17392
3417,17393
3417,17394
3417,17395
3417,17396
3417,17397
3417,17398
3417,17399
3418,17236
3418,17237
3418,17238
3418,17239
3418,17240
3418,17241
3418,17242
3418,17243
3418,17244
3418,17245
3418,17246
3418,17247
3418,17248
3418,17249
3418,17250
3418,17251
3418,17252
3418,17253
3418,17254
3418,17255
3418,17256
3418,17257
3418,17258
3418,17259
3418,17260
3418,17261
3418,17262
3418,17263
3418,17264
3418,17265
3418,17266
3418,17267
3418,17268
3418,17269
3418,17270
3418,17271
3418,17272
3418,17273
3418,17274
3418,17275
3418,17276
3418,17277
3418,17278
3418,17279
3418,17280
3418,17281
3418,17282
3418,17283
3418,17284
3418,17285
3418,17286
3418,17287
3418,17288
3418,17289
3418,17290
3418,17291
3418,17292
3418,17293
3418,17294
3418,17295
3418,17296
3418,17297
3418,17298
3418,17299
3418,17300
3418,17301
3418,17302
3418,17303
3418,17304
3418,17305
3418,17306
3418,17307
3418,17308
3418,17309
3418,17310
3418,17311
3418,17312
3418,17313
3418,17314
3418,17315
3418,17316
3418,17317
3418,17318
3418,17319
3418,17320
3418,17321
3418,17322
3418,17323
3418,17324
3418,17325
3418,17326
3418,17327
3418,17328
3418,17329
3418,17330
3418,17331
3418,17332
3418,17333
3418,17334
3418,17335
3418,17336
3418,17337
3418,17338
3418,17339
3418,17340
3418,17341
3418,17342
3418,17343
3418,17344
3418,17345
3418,17346
3418,17347
3418,17348
3418,17349
3418,17350
3418,17351
3418,17352
3418,17353
3418,17354
3418,17355
3418,17356
3418,17357
3418,17358
3418,17359
3418,17360
3418,17361
3418,17362
3418,17363
3418,17364
3418,17365
3418,17366
3418,17367
3418,17368
3418,17369
3418,17370
3418,17371
3418,17372
3418,17373
3418,17374
3418,17375
3418,17376
3418,17377
3418,17378
3418,17379
3418,17380
3418,17381
3418,17382
3418,17383
3418,17384
3418,17385
3418,17386
3418,17387
3418,17388
3418,17389
3418,17390
3418,17391
3418,17392
3418,17393
3418,17394
3418,17395
3418,17396
3418,17397
3418,17398
3419,17236
3419,17237
3419,17238
3419,17239
3419,17240
3419,17241
3419,17242
3419,17243
3419,17244
3419,17245
3419,17246
3419,17247
3419,17248
3419,17249
3419,17250
3419,17251
3419,17252
3419,17253
3419,17254
3419,17255
3419,17256
3419,17257
3419,17258
3419,17259
3419,17260
3419,17261
3419,17262
3419,17263
3419,17264
3419,17265
3419,17266
3419,17267
3419,17268
3419,17269
3419,17270
3419,17271
3419,17272
3419,17273
3419,17274
3419,17275
3419,17276
3419,17277
3419,17278
3419,17279
3419,17280
3419,17281
3419,17282
3419,17283
3419,17284
3419,17285
3419,17286
3419,17287
3419,17288
3419,17289
3419,17290
3419,17291
3419,17292
3419,17293
3419,17294
3419,17295
3419,17296
3419,17297
3419,17298
3419,17299
3419,17300
3419,17301
3419,17302
3419,17303
3419,17304
3419,17305
3419,17306
3419,17307
3419,17308
3419,17309
3419,17310
3419,17311
3419,17312
3419,17313
3419,17314
3419,17315
3419,17316
3419,17317
3419,17318
3419,17319
3419,17320
3419,17321
3419,17322
3419,17323
3419,17324
3419,17325
3419,17326
3419,17327
3419,17328
3419,17329
3419,17330
3419,17331
3419,17332
3419,17333
3419,17334
3419,17335
3419,17336
3419,17337
3419,17338
3419,17339
3419,17340
3419,17341
3419,17342
3419,17343
3419,17344
3419,17345
3419,17346
3419,17347
3419,17348
3419,17349
3419,17350
3419,17351
3419,17352
3419,17353
3419,17354
3419,17355
3419,17356
3419,17357
3419,17358
3419,17359
3419,17360
3419,17361
3419,17362
3419,17363
3419,17364
3419,17365
3419,17366
3419,17367
3419,17368
3419,17369
3419,17370
3419,17371
3419,17372
3419,17373
3419,17374
3419,17375
3419,17376
3419,17377
3419,17378
3419,17379
3419,17380
3419,17381
3419,17382
3419,17383
3419,17384
3419,17385
3419,17386
3419,17387
3419,17388
3419,17389
3419,17390
3419,17391
3419,17392
3419,17393
3419,17394
3419,17395
3419,17396
3419,17397
3420,17237
3420,17238
3420,17239
3420,17240
3420,17241
3420,17242
3420,17243
3420,17244
3420,17245
3420,17246
3420,17247
3420,17248
3420,17249
3420,17250
3420,17251
3420,17252
3420,17253
3420,17254
3420,17255
3420,17256
3420,17257
3420,17258
3420,17259
3420,17260
3420,17261
3420,17262
3420,17263
3420,17264
3420,17265
3420,17266
3420,17267
3420,17268
3420,17269
3420,17270
3420,17271
3420,17272
3420,17273
3420,17274
3420,17275
3420,17276
3420,17277
3420,17278
3420,17279
3420,17280
3420,17281
3420,17282
3420,17283
3420,17284
3420,17285
3420,17286
3420,17287
3420,17288
3420,17289
3420,17290
3420,17291
3420,17292
3420,17293
3420,17294
3420,17295
3420,17296
3420,17297
3420,17298
3420,17299
3420,17300
3420,17301
3420,17302
3420,17303
3420,17304
3420,17305
3420,17306
3420,17307
3420,17308
3420,17309
3420,17310
3420,17311
3420,17312
3420,17313
3420,17314
3420,17315
3420,17316
3420,17317
3420,17318
3420,17319
3420,17320
3420,17321
3420,17322
3420,17323
3420,17324
3420,17325
3420,17326
3420,17327
3420,17328
3420,17329
3420,17330
3420,17331
3420,17332
3420,17333
3420,17334
3420,17335
3420,17336
3420,17337
3420,17338
3420,17339
3420,17340
3420,17341
3420,17342
3420,17343
3420,17344
3420,17345
3420,17346
3420,17347
3420,17348
3420,17349
3420,17350
3420,17351
3420,17352
3420,17353
3420,17354
3420,17355
3420,17356
3420,17357
3420,17358
3420,17359
3420,17360
3420,17361
3420,17362
3420,17363
3420,17364
3420,17365
3420,17366
3420,17367
3420,17368
3420,17369
3420,17370
3420,17371
3420,17372
3420,17373
3420,17374
3420,17375
3420,17376
3420,17377
3420,17378
3420,17379
3420,17380
3420,17381
3420,17382
3420,17383
3420,17384
3420,17385
3420,17386
3420,17387
3420,17388
3420,17389
3420,17390
3420,17391
3420,17392
3420,17393
3420,17394
3420,17395
3420,17396
3421,17238
3421,17239
3421,17240
3421,17241
3421,17242
3421,17243
3421,17244
3421,17245
3421,17246
3421,17247
3421,17248
3421,17249
3421,17250
3421,17251
3421,17252
3421,17253
3421,17254
3421,17255
3421,17256
3421,17257
3421,17258
3421,17259
3421,17260
3421,17261
3421,17262
3421,17263
3421,17264
3421,17265
3421,17266
3421,17267
3421,17268
3421,17269
3421,17270
3421,17271
3421,17272
3421,17273
3421,17274
3421,17275
3421,17276
3421,17277
3421,17278
3421,17279
3421,17280
3421,17281
3421,17282
3421,17283
3421,17284
3421,17285
3421,17286
3421,17287
3421,17288
3421,17289
3421,17290
3421,17291
3421,17292
3421,17293
3421,17294
3421,17295
3421,17296
3421,17297
3421,17298
3421,17299
3421,17300
3421,17301
3421,17302
3421,17303
3421,17304
3421,17305
3421,17306
3421,17307
3421,17308
3421,17309
3421,17310
3421,17311
3421,17312
3421,17313
3421,17314
3421,17315
3421,17316
3421,17317
3421,17318
3421,17319
3421,17320
3421,17321
3421,17322
3421,17323
3421,17324
3421,17325
3421,17326
3421,17327
3421,17328
3421,17329
3421,17330
3421,17331
3421,17332
3421,17333
3421,17334
3421,17335
3421,17336
3421,17337
3421,17338
3421,17339
3421,17340
3421,17341
3421,17342
3421,17343
3421,17344
3421,17345
3421,17346
3421,17347
3421,17348
3421,17349
3421,17350
3421,17351
3421,17352
3421,17353
3421,17354
3421,17355
3421,17356
3421,17357
3421,17358
3421,17359
3421,17360
3421,17361
3421,17362
3421,17363
3421,17364
3421,17365
3421,17366
3421,17367
3421,17368
3421,17369
3421,17370
3421,17371
3421,17372
3421,17373
3421,17374
3421,17375
3421,17376
3421,17377
3421,17378
3421,17379
3421,17380
3421,17381
3421,17382
3421,17383
3421,17384
3421,17385
3421,17386
3421,17387
3421,17388
3421,17389
3421,17390
3421,17391
3421,17392
3421,17393
3421,17394
3421,17395
3421,17396
3422,17239
3422,17240
3422,17241
3422,17242
3422,17243
3422,17244
3422,17245
3422,17246
3422,17247
3422,17248
3422,17249
3422,17250
3422,17251
3422,17252
3422,17253
3422,17254
3422,17255
3422,17256
3422,17257
3422,17258
3422,17259
3422,17260
3422,17261
3422,17262
3422,17263
3422,17264
3422,17265
3422,17266
3422,17267
3422,17268
3422,17269
3422,17270
3422,17271
3422,17272
3422,17273
3422,17274
3422,17275
3422,17276
3422,17277
3422,17278
3422,17279
3422,17280
3422,17281
3422,17282
3422,17283
3422,17284
3422,17285
3422,17286
3422,17287
3422,17288
3422,17289
3422,17290
3422,17291
3422,17292
3422,17293
3422,17294
3422,17295
3422,17296
3422,17297
3422,17298
3422,17299
3422,17300
3422,17301
3422,17302
3422,17303
3422,17304
3422,17305
3422,17306
3422,17307
3422,17308
3422,17309
3422,17310
3422,17311
3422,17312
3422,17313
3422,17314
3422,17315
3422,17316
3422,17317
3422,17318
3422,17319
3422,17320
3422,17321
3422,17322
3422,17323
3422,17324
3422,17325
3422,17326
3422,17327
3422,17328
3422,17329
3422,17330
3422,17331
3422,17332
3422,17333
3422,17334
3422,17335
3422,17336
3422,17337
3422,17338
3422,17339
3422,17340
3422,17341
3422,17342
3422,17343
3422,17344
3422,17345
3422,17346
3422,17347
3422,17348
3422,17349
3422,17350
3422,17351
3422,17352
3422,17353
3422,17354
3422,17355
3422,17356
3422,17357
3422,17358
3422,17359
3422,17360
3422,17361
3422,17362
3422,17363
3422,17364
3422,17365
3422,17366
3422,17367
3422,17368
3422,17369
3422,17370
3422,17371
3422,17372
3422,17373
3422,17374
3422,17375
3422,17376
3422,17377
3422,17378
3422,17379
3422,17380
3422,17381
3422,17382
3422,17383
3422,17384
3422,17385
3422,17386
3422,17387
3422,17388
3422,17389
3422,17390
3422,17391
3422,17392
3422,17393
3422,17394
3422,17395
3422,17396
3423,17238
3423,17239
3423,17240
3423,17241
3423,17242
3423,17243
3423,17244
3423,17245
3423,17246
3423,17247
3423,17248
3423,17249
3423,17250
3423,17251
3423,17252
3423,17253
3423,17254
3423,17255
3423,17256
3423,17257
3423,17258
3423,17259
3423,17260
3423,17261
3423,17262
3423,17263
3423,17264
3423,17265
3423,17266
3423,17267
3423,17268
3423,17269
3423,17270
3423,17271
3423,17272
3423,17273
3423,17274
3423,17275
3423,17276
3423,17277
3423,17278
3423,17279
3423,17280
3423,17281
3423,17282
3423,17283
3423,17284
3423,17285
3423,17286
3423,17287
3423,17288
3423,17289
3423,17290
3423,17291
3423,17292
3423,17293
3423,17294
3423,17295
3423,17296
3423,17297
3423,17298
3423,17299
3423,17300
3423,17301
3423,17302
3423,17303
3423,17304
3423,17305
3423,17306
3423,17307
3423,17308
3423,17309
3423,17310
3423,17311
3423,17312
3423,17313
3423,17314
3423,17315
3423,17316
3423,17317
3423,17318
3423,17319
3423,17320
3423,17321
3423,17322
3423,17323
3423,17324
3423,17325
3423,17326
3423,17327
3423,17328
3423,17329
3423,17330
3423,17331
3423,17332
3423,17333
3423,17334
3423,17335
3423,17336
3423,17337
3423,17338
3423,17339
3423,17340
3423,17341
3423,17342
3423,17343
3423,17344
3423,17345
3423,17346
3423,17347
3423,17348
3423,17349
3423,17350
3423,17351
3423,17352
3423,17353
3423,17354
3423,17355
3423,17356
3423,17357
3423,17358
3423,17359
3423,17360
3423,17361
3423,17362
3423,17363
3423,17364
3423,17365
3423,17366
3423,17367
3423,17368
3423,17369
3423,17370
3423,17371
3423,17372
3423,17373
3423,17374
3423,17375
3423,17376
3423,17377
3423,17378
3423,17379
3423,17380
3423,17381
3423,17382
3423,17383
3423,17384
3423,17385
3423,17386
3423,17387
3423,17388
3423,17389
3423,17390
3423,17391
3423,17392
3423,17393
3423,17394
3423,17395
3423,17396
3424,17239
3424,17240
3424,17241
3424,17242
3424,17243
3424,17244
3424,17245
3424,17246
3424,17247
3424,17248
3424,17249
3424,17250
3424,17251
3424,17252
3424,17253
3424,17254
3424,17255
3424,17256
3424,17257
3424,17258
3424,17259
3424,17260
3424,17261
3424,17262
3424,17263
3424,17264
3424,17265
3424,17266
3424,17267
3424,17268
3424,17269
3424,17270
3424,17271
3424,17272
3424,17273
3424,17274
3424,17275
3424,17276
3424,17277
3424,17278
3424,17279
3424,17280
3424,17281
3424,17282
3424,17283
3424,17284
3424,17285
3424,17286
3424,17287
3424,17288
3424,17289
3424,17290
3424,17291
3424,17292
3424,17293
3424,17294
3424,17295
3424,17296
3424,17297
3424,17298
3424,17299
3424,17300
3424,17301
3424,17302
3424,17303
3424,17304
3424,17305
3424,17306
3424,17307
3424,17308
3424,17309
3424,17310
3424,17311
3424,17312
3424,17313
3424,17314
3424,17315
3424,17316
3424,17317
3424,17318
3424,17319
3424,17320
3424,17321
3424,17322
3424,17323
3424,17324
3424,17325
3424,17326
3424,17327
3424,17328
3424,17329
3424,17330
3424,17331
3424,17332
3424,17333
3424,17334
3424,17335
3424,17336
3424,17337
3424,17338
3424,17339
3424,17340
3424,17341
3424,17342
3424,17343
3424,17344
3424,17345
3424,17346
3424,17347
3424,17348
3424,17349
3424,17350
3424,17351
3424,17352
3424,17353
3424,17354
3424,17355
3424,17356
3424,17357
3424,17358
3424,17359
3424,17360
3424,17361
3424,17362
3424,17363
3424,17364
3424,17365
3424,17366
3424,17367
3424,17368
3424,17369
3424,17370
3424,17371
3424,17372
3424,17373
3424,17374
3424,17375
3424,17376
3424,17377
3424,17378
3424,17379
3424,17380
3424,17381
3424,17382
3424,17383
3424,17384
3424,17385
3424,17386
3424,17387
3424,17388
3424,17389
3424,17390
3424,17391
3424,17392
3424,17393
3424,17394
3424,17395
3424,17396
3425,17238
3425,17239
3425,17240
3425,17241
3425,17242
3425,17243
3425,17244
3425,17245
3425,17246
3425,17247
3425,17248
3425,17249
3425,17250
3425,17251
3425,17252
3425,17253
3425,17254
3425,17255
3425,17256
3425,17257
3425,17258
3425,17259
3425,17260
3425,17261
3425,17262
3425,17263
3425,17264
3425,17265
3425,17266
3425,17267
3425,17268
3425,17269
3425,17270
3425,17271
3425,17272
3425,17273
3425,17274
3425,17275
3425,17276
3425,17277
3425,17278
3425,17279
3425,17280
3425,17281
3425,17282
3425,17283
3425,17284
3425,17285
3425,17286
3425,17287
3425,17288
3425,17289
3425,17290
3425,17291
3425,17292
3425,17293
3425,17294
3425,17295
3425,17296
3425,17297
3425,17298
3425,17299
3425,17300
3425,17301
3425,17302
3425,17303
3425,17304
3425,17305
3425,17306
3425,17307
3425,17308
3425,17309
3425,17310
3425,17311
3425,17312
3425,17313
3425,17314
3425,17315
3425,17316
3425,17317
3425,17318
3425,17319
3425,17320
3425,17321
3425,17322
3425,17323
3425,17324
3425,17325
3425,17326
3425,17327
3425,17328
3425,17329
3425,17330
3425,17331
3425,17332
3425,17333
3425,17334
3425,17335
3425,17336
3425,17337
3425,17338
3425,17339
3425,17340
3425,17341
3425,17342
3425,17343
3425,17344
3425,17345
3425,17346
3425,17347
3425,17348
3425,17349
3425,17350
3425,17351
3425,17352
3425,17353
3425,17354
3425,17355
3425,17356
3425,17357
3425,17358
3425,17359
3425,17360
3425,17361
3425,17362
3425,17363
3425,17364
3425,17365
3425,17366
3425,17367
3425,17368
3425,17369
3425,17370
3425,17371
3425,17372
3425,17373
3425,17374
3425,17375
3425,17376
3425,17377
3425,17378
3425,17379
3425,17380
3425,17381
3425,17382
3425,17383
3425,17384
3425,17385
3425,17386
3425,17387
3425,17388
3425,17389
3425,17390
3425,17391
3425,17392
3425,17393
3425,17394
3425,17395
3425,17396
3425,17397
3426,17237
3426,17238
3426,17239
3426,17240
3426,17241
3426,17242
3426,17243
3426,17244
3426,17245
3426,17246
3426,17247
3426,17248
3426,17249
3426,17250
3426,17251
3426,17252
3426,17253
3426,17254
3426,17255
3426,17256
3426,17257
3426,17258
3426,17259
3426,17260
3426,17261
3426,17262
3426,17263
3426,17264
3426,17265
3426,17266
3426,17267
3426,17268
3426,17269
3426,17270
3426,17271
3426,17272
3426,17273
3426,17274
3426,17275
3426,17276
3426,17277
3426,17278
3426,17279
3426,17280
3426,17281
3426,17282
3426,17283
3426,17284
3426,17285
3426,17286
3426,17287
3426,17288
3426,17289
3426,17290
3426,17291
3426,17292
3426,17293
3426,17294
3426,17295
3426,17296
3426,17297
3426,17298
3426,17299
3426,17300
3426,17301
3426,17302
3426,17303
3426,17304
3426,17305
3426,17306
3426,17307
3426,17308
3426,17309
3426,17310
3426,17311
3426,17312
3426,17313
3426,17314
3426,17315
3426,17316
3426,17317
3426,17318
3426,17319
3426,17320
3426,17321
3426,17322
3426,17323
3426,17324
3426,17325
3426,17326
3426,17327
3426,17328
3426,17329
3426,17330
3426,17331
3426,17332
3426,17333
3426,17334
3426,17335
3426,17336
3426,17337
3426,17338
3426,17339
3426,17340
3426,17341
3426,17342
3426,17343
3426,17344
3426,17345
3426,17346
3426,17347
3426,17348
3426,17349
3426,17350
3426,17351
3426,17352
3426,17353
3426,17354
3426,17355
3426,17356
3426,17357
3426,17358
3426,17359
3426,17360
3426,17361
3426,17362
3426,17363
3426,17364
3426,17365
3426,17366
3426,17367
3426,17368
3426,17369
3426,17370
3426,17371
3426,17372
3426,17373
3426,17374
3426,17375
3426,17376
3426,17377
3426,17378
3426,17379
3426,17380
3426,17381
3426,17382
3426,17383
3426,17384
3426,17385
3426,17386
3426,17387
3426,17388
3426,17389
3426,17390
3426,17391
3426,17392
3426,17393
3426,17394
3426,17395
3426,17396
3427,17236
3427,17237
3427,17238
3427,17239
3427,17240
3427,17241
3427,17242
3427,17243
3427,17244
3427,17245
3427,17246
3427,17247
3427,17248
3427,17249
3427,17250
3427,17251
3427,17252
3427,17253
3427,17254
3427,17255
3427,17256
3427,17257
3427,17258
3427,17259
3427,17260
3427,17261
3427,17262
3427,17263
3427,17264
3427,17265
3427,17266
3427,17267
3427,17268
3427,17269
3427,17270
3427,17271
3427,17272
3427,17273
3427,17274
3427,17275
3427,17276
3427,17277
3427,17278
3427,17279
3427,17280
3427,17281
3427,17282
3427,17283
3427,17284
3427,17285
3427,17286
3427,17287
3427,17288
3427,17289
3427,17290
3427,17291
3427,17292
3427,17293
3427,17294
3427,17295
3427,17296
3427,17297
3427,17298
3427,17299
3427,17300
3427,17301
3427,17302
3427,17303
3427,17304
3427,17305
3427,17306
3427,17307
3427,17308
3427,17309
3427,17310
3427,17311
3427,17312
3427,17313
3427,17314
3427,17315
3427,17316
3427,17317
3427,17318
3427,17319
3427,17320
3427,17321
3427,17322
3427,17323
3427,17324
3427,17325
3427,17326
3427,17327
3427,17328
3427,17329
3427,17330
3427,17331
3427,17332
3427,17333
3427,17334
3427,17335
3427,17336
3427,17337
3427,17338
3427,17339
3427,17340
3427,17341
3427,17342
3427,17343
3427,17344
3427,17345
3427,17346
3427,17347
3427,17348
3427,17349
3427,17350
3427,17351
3427,17352
3427,17353
3427,17354
3427,17355
3427,17356
3427,17357
3427,17358
3427,17359
3427,17360
3427,17361
3427,17362
3427,17363
3427,17364
3427,17365
3427,17366
3427,17367
3427,17368
3427,17369
3427,17370
3427,17371
3427,17372
3427,17373
3427,17374
3427,17375
3427,17376
3427,17377
3427,17378
3427,17379
3427,17380
3427,17381
3427,17382
3427,17383
3427,17384
3427,17385
3427,17386
3427,17387
3427,17388
3427,17389
3427,17390
3427,17391
3427,17392
3427,17393
3427,17394
3427,17395
3427,17396
3428,17236
3428,17237
3428,17238
3428,17239
3428,17240
3428,17241
3428,17242
3428,17243
3428,17244
3428,17245
3428,17246
3428,17247
3428,17248
3428,17249
3428,17250
3428,17251
3428,17252
3428,17253
3428,17254
3428,17255
3428,17256
3428,17257
3428,17258
3428,17259
3428,17260
3428,17261
3428,17262
3428,17263
3428,17264
3428,17265
3428,17266
3428,17267
3428,17268
3428,17269
3428,17270
3428,17271
3428,17272
3428,17273
3428,17274
3428,17275
3428,17276
3428,17277
3428,17278
3428,17279
3428,17280
3428,17281
3428,17282
3428,17283
3428,17284
3428,17285
3428,17286
3428,17287
3428,17288
3428,17289
3428,17290
3428,17291
3428,17292
3428,17293
3428,17294
3428,17295
3428,17296
3428,17297
3428,17298
3428,17299
3428,17300
3428,17301
3428,17302
3428,17303
3428,17304
3428,17305
3428,17306
3428,17307
3428,17308
3428,17309
3428,17310
3428,17311
3428,17312
3428,17313
3428,17314
3428,17315
3428,17316
3428,17317
3428,17318
3428,17319
3428,17320
3428,17321
3428,17322
3428,17323
3428,17324
3428,17325
3428,17326
3428,17327
3428,17328
3428,17329
3428,17330
3428,17331
3428,17332
3428,17333
3428,17334
3428,17335
3428,17336
3428,17337
3428,17338
3428,17339
3428,17340
3428,17341
3428,17342
3428,17343
3428,17344
3428,17345
3428,17346
3428,17347
3428,17348
3428,17349
3428,17350
3428,17351
3428,17352
3428,17353
3428,17354
3428,17355
3428,17356
3428,17357
3428,17358
3428,17359
3428,17360
3428,17361
3428,17362
3428,17363
3428,17364
3428,17365
3428,17366
3428,17367
3428,17368
3428,17369
3428,17370
3428,17371
3428,17372
3428,17373
3428,17374
3428,17375
3428,17376
3428,17377
3428,17378
3428,17379
3428,17380
3428,17381
3428,17382
3428,17383
3428,17384
3428,17385
3428,17386
3428,17387
3428,17388
3428,17389
3428,17390
3428,17391
3428,17392
3428,17393
3428,17394
3428,17395
3429,17236
3429,17237
3429,17238
3429,17239
3429,17240
3429,17241
3429,17242
3429,17243
3429,17244
3429,17245
3429,17246
3429,17247
3429,17248
3429,17249
3429,17250
3429,17251
3429,17252
3429,17253
3429,17254
3429,17255
3429,17256
3429,17257
3429,17258
3429,17259
3429,17260
3429,17261
3429,17262
3429,17263
3429,17264
3429,17265
3429,17266
3429,17267
3429,17268
3429,17269
3429,17270
3429,17271
3429,17272
3429,17273
3429,17274
3429,17275
3429,17276
3429,17277
3429,17278
3429,17279
3429,17280
3429,17281
3429,17282
3429,17283
3429,17284
3429,17285
3429,17286
3429,17287
3429,17288
3429,17289
3429,17290
3429,17291
3429,17292
3429,17293
3429,17294
3429,17295
3429,17296
3429,17297
3429,17298
3429,17299
3429,17300
3429,17301
3429,17302
3429,17303
3429,17304
3429,17305
3429,17306
3429,17307
3429,17308
3429,17309
3429,17310
3429,17311
3429,17312
3429,17313
3429,17314
3429,17315
3429,17316
3429,17317
3429,17318
3429,17319
3429,17320
3429,17321
3429,17322
3429,17323
3429,17324
3429,17325
3429,17326
3429,17327
3429,17328
3429,17329
3429,17330
3429,17331
3429,17332
3429,17333
3429,17334
3429,17335
3429,17336
3429,17337
3429,17338
3429,17339
3429,17340
3429,17341
3429,17342
3429,17343
3429,17344
3429,17345
3429,17346
3429,17347
3429,17348
3429,17349
3429,17350
3429,17351
3429,17352
3429,17353
3429,17354
3429,17355
3429,17356
3429,17357
3429,17358
3429,17359
3429,17360
3429,17361
3429,17362
3429,17363
3429,17364
3429,17365
3429,17366
3429,17367
3429,17368
3429,17369
3429,17370
3429,17371
3429,17372
3429,17373
3429,17374
3429,17375
3429,17376
3429,17377
3429,17378
3429,17379
3429,17380
3429,17381
3429,17382
3429,17383
3429,17384
3429,17385
3429,17386
3429,17387
3429,17388
3429,17389
3429,17390
3429,17391
3429,17392
3429,17393
3429,17394
3430,17235
3430,17236
3430,17237
3430,17238
3430,17239
3430,17240
3430,17241
3430,17242
3430,17243
3430,17244
3430,17245
3430,17246
3430,17247
3430,17248
3430,17249
3430,17250
3430,17251
3430,17252
3430,17253
3430,17254
3430,17255
3430,17256
3430,17257
3430,17258
3430,17259
3430,17260
3430,17261
3430,17262
3430,17263
3430,17264
3430,17265
3430,17266
3430,17267
3430,17268
3430,17269
3430,17270
3430,17271
3430,17272
3430,17273
3430,17274
3430,17275
3430,17276
3430,17277
3430,17278
3430,17279
3430,17280
3430,17281
3430,17282
3430,17283
3430,17284
3430,17285
3430,17286
3430,17287
3430,17288
3430,17289
3430,17290
3430,17291
3430,17292
3430,17293
3430,17294
3430,17295
3430,17296
3430,17297
3430,17298
3430,17299
3430,17300
3430,17301
3430,17302
3430,17303
3430,17304
3430,17305
3430,17306
3430,17307
3430,17308
3430,17309
3430,17310
3430,17311
3430,17312
3430,17313
3430,17314
3430,17315
3430,17316
3430,17317
3430,17318
3430,17319
3430,17320
3430,17321
3430,17322
3430,17323
3430,17324
3430,17325
3430,17326
3430,17327
3430,17328
3430,17329
3430,17330
3430,17331
3430,17332
3430,17333
3430,17334
3430,17335
3430,17336
3430,17337
3430,17338
3430,17339
3430,17340
3430,17341
3430,17342
3430,17343
3430,17344
3430,17345
3430,17346
3430,17347
3430,17348
3430,17349
3430,17350
3430,17351
3430,17352
3430,17353
3430,17354
3430,17355
3430,17356
3430,17357
3430,17358
3430,17359
3430,17360
3430,17361
3430,17362
3430,17363
3430,17364
3430,17365
3430,17366
3430,17367
3430,17368
3430,17369
3430,17370
3430,17371
3430,17372
3430,17373
3430,17374
3430,17375
3430,17376
3430,17377
3430,17378
3430,17379
3430,17380
3430,17381
3430,17382
3430,17383
3430,17384
3430,17385
3430,17386
3430,17387
3430,17388
3430,17389
3430,17390
3430,17391
3430,17392
3430,17393
3431,17235
3431,17236
3431,17237
3431,17238
3431,17239
3431,17240
3431,17241
3431,17242
3431,17243
3431,17244
3431,17245
3431,17246
3431,17247
3431,17248
3431,17249
3431,17250
3431,17251
3431,17252
3431,17253
3431,17254
3431,17255
3431,17256
3431,17257
3431,17258
3431,17259
3431,17260
3431,17261
3431,17262
3431,17263
3431,17264
3431,17265
3431,17266
3431,17267
3431,17268
3431,17269
3431,17270
3431,17271
3431,17272
3431,17273
3431,17274
3431,17275
3431,17276
3431,17277
3431,17278
3431,17279
3431,17280
3431,17281
3431,17282
3431,17283
3431,17284
3431,17285
3431,17286
3431,17287
3431,17288
3431,17289
3431,17290
3431,17291
3431,17292
3431,17293
3431,17294
3431,17295
3431,17296
3431,17297
3431,17298
3431,17299
3431,17300
3431,17301
3431,17302
3431,17303
3431,17304
3431,17305
3431,17306
3431,17307
3431,17308
3431,17309
3431,17310
3431,17311
3431,17312
3431,17313
3431,17314
3431,17315
3431,17316
3431,17317
3431,17318
3431,17319
3431,17320
3431,17321
3431,17322
3431,17323
3431,17324
3431,17325
3431,17326
3431,17327
3431,17328
3431,17329
3431,17330
3431,17331
3431,17332
3431,17333
3431,17334
3431,17335
3431,17336
3431,17337
3431,17338
3431,17339
3431,17340
3431,17341
3431,17342
3431,17343
3431,17344
3431,17345
3431,17346
3431,17347
3431,17348
3431,17349
3431,17350
3431,17351
3431,17352
3431,17353
3431,17354
3431,17355
3431,17356
3431,17357
3431,17358
3431,17359
3431,17360
3431,17361
3431,17362
3431,17363
3431,17364
3431,17365
3431,17366
3431,17367
3431,17368
3431,17369
3431,17370
3431,17371
3431,17372
3431,17373
3431,17374
3431,17375
3431,17376
3431,17377
3431,17378
3431,17379
3431,17380
3431,17381
3431,17382
3431,17383
3431,17384
3431,17385
3431,17386
3431,17387
3431,17388
3431,17389
3431,17390
3431,17391
3431,17392
3432,17235
3432,17236
3432,17237
3432,17238
3432,17239
3432,17240
3432,17241
3432,17242
3432,17243
3432,17244
3432,17245
3432,17246
3432,17247
3432,17248
3432,17249
3432,17250
3432,17251
3432,17252
3432,17253
3432,17254
3432,17255
3432,17256
3432,17257
3432,17258
3432,17259
3432,17260
3432,17261
3432,17262
3432,17263
3432,17264
3432,17265
3432,17266
3432,17267
3432,17268
3432,17269
3432,17270
3432,17271
3432,17272
3432,17273
3432,17274
3432,17275
3432,17276
3432,17277
3432,17278
3432,17279
3432,17280
3432,17281
3432,17282
3432,17283
3432,17284
3432,17285
3432,17286
3432,17287
3432,17288
3432,17289
3432,17290
3432,17291
3432,17292
3432,17293
3432,17294
3432,17295
3432,17296
3432,17297
3432,17298
3432,17299
3432,17300
3432,17301
3432,17302
3432,17303
3432,17304
3432,17305
3432,17306
3432,17307
3432,17308
3432,17309
3432,17310
3432,17311
3432,17312
3432,17313
3432,17314
3432,17315
3432,17316
3432,17317
3432,17318
3432,17319
3432,17320
3432,17321
3432,17322
3432,17323
3432,17324
3432,17325
3432,17326
3432,17327
3432,17328
3432,17329
3432,17330
3432,17331
3432,17332
3432,17333
3432,17334
3432,17335
3432,17336
3432,17337
3432,17338
3432,17339
3432,17340
3432,17341
3432,17342
3432,17343
3432,17344
3432,17345
3432,17346
3432,17347
3432,17348
3432,17349
3432,17350
3432,17351
3432,17352
3432,17353
3432,17354
3432,17355
3432,17356
3432,17357
3432,17358
3432,17359
3432,17360
3432,17361
3432,17362
3432,17363
3432,17364
3432,17365
3432,17366
3432,17367
3432,17368
3432,17369
3432,17370
3432,17371
3432,17372
3432,17373
3432,17374
3432,17375
3432,17376
3432,17377
3432,17378
3432,17379
3432,17380
3432,17381
3432,17382
3432,17383
3432,17384
3432,17385
3432,17386
3432,17387
3432,17388
3432,17389
3432,17390
3432,17391
3432,17392
3433,17234
3433,17235
3433,17236
3433,17237
3433,17238
3433,17239
3433,17240
3433,17241
3433,17242
3433,17243
3433,17244
3433,17245
3433,17246
3433,17247
3433,17248
3433,17249
3433,17250
3433,17251
3433,17252
3433,17253
3433,17254
3433,17255
3433,17256
3433,17257
3433,17258
3433,17259
3433,17260
3433,17261
3433,17262
3433,17263
3433,17264
3433,17265
3433,17266
3433,17267
3433,17268
3433,17269
3433,17270
3433,17271
3433,17272
3433,17273
3433,17274
3433,17275
3433,17276
3433,17277
3433,17278
3433,17279
3433,17280
3433,17281
3433,17282
3433,17283
3433,17284
3433,17285
3433,17286
3433,17287
3433,17288
3433,17289
3433,17290
3433,17291
3433,17292
3433,17293
3433,17294
3433,17295
3433,17296
3433,17297
3433,17298
3433,17299
3433,17300
3433,17301
3433,17302
3433,17303
3433,17304
3433,17305
3433,17306
3433,17307
3433,17308
3433,17309
3433,17310
3433,17311
3433,17312
3433,17313
3433,17314
3433,17315
3433,17316
3433,17317
3433,17318
3433,17319
3433,17320
3433,17321
3433,17322
3433,17323
3433,17324
3433,17325
3433,17326
3433,17327
3433,17328
3433,17329
3433,17330
3433,17331
3433,17332
3433,17333
3433,17334
3433,17335
3433,17336
3433,17337
3433,17338
3433,17339
3433,17340
3433,17341
3433,17342
3433,17343
3433,17344
3433,17345
3433,17346
3433,17347
3433,17348
3433,17349
3433,17350
3433,17351
3433,17352
3433,17353
3433,17354
3433,17355
3433,17356
3433,17357
3433,17358
3433,17359
3433,17360
3433,17361
3433,17362
3433,17363
3433,17364
3433,17365
3433,17366
3433,17367
3433,17368
3433,17369
3433,17370
3433,17371
3433,17372
3433,17373
3433,17374
3433,17375
3433,17376
3433,17377
3433,17378
3433,17379
3433,17380
3433,17381
3433,17382
3433,17383
3433,17384
3433,17385
3433,17386
3433,17387
3433,17388
3433,17389
3433,17390
3433,17391
3434,17233
3434,17234
3434,17235
3434,17236
3434,17237
3434,17238
3434,17239
3434,17240
3434,17241
3434,17242
3434,17243
3434,17244
3434,17245
3434,17246
3434,17247
3434,17248
3434,17249
3434,17250
3434,17251
3434,17252
3434,17253
3434,17254
3434,17255
3434,17256
3434,17257
3434,17258
3434,17259
3434,17260
3434,17261
3434,17262
3434,17263
3434,17264
3434,17265
3434,17266
3434,17267
3434,17268
3434,17269
3434,17270
3434,17271
3434,17272
3434,17273
3434,17274
3434,17275
3434,17276
3434,17277
3434,17278
3434,17279
3434,17280
3434,17281
3434,17282
3434,17283
3434,17284
3434,17285
3434,17286
3434,17287
3434,17288
3434,17289
3434,17290
3434,17291
3434,17292
3434,17293
3434,17294
3434,17295
3434,17296
3434,17297
3434,17298
3434,17299
3434,17300
3434,17301
3434,17302
3434,17303
3434,17304
3434,17305
3434,17306
3434,17307
3434,17308
3434,17309
3434,17310
3434,17311
3434,17312
3434,17313
3434,17314
3434,17315
3434,17316
3434,17317
3434,17318
3434,17319
3434,17320
3434,17321
3434,17322
3434,17323
3434,17324
3434,17325
3434,17326
3434,17327
3434,17328
3434,17329
3434,17330
3434,17331
3434,17332
3434,17333
3434,17334
3434,17335
3434,17336
3434,17337
3434,17338
3434,17339
3434,17340
3434,17341
3434,17342
3434,17343
3434,17344
3434,17345
3434,17346
3434,17347
3434,17348
3434,17349
3434,17350
3434,17351
3434,17352
3434,17353
3434,17354
3434,17355
3434,17356
3434,17357
3434,17358
3434,17359
3434,17360
3434,17361
3434,17362
3434,17363
3434,17364
3434,17365
3434,17366
3434,17367
3434,17368
3434,17369
3434,17370
3434,17371
3434,17372
3434,17373
3434,17374
3434,17375
3434,17376
3434,17377
3434,17378
3434,17379
3434,17380
3434,17381
3434,17382
3434,17383
3434,17384
3434,17385
3434,17386
3434,17387
3434,17388
3434,17389
3434,17390
3434,17391
3435,17233
3435,17234
3435,17235
3435,17236
3435,17237
3435,17238
3435,17239
3435,17240
3435,17241
3435,17242
3435,17243
3435,17244
3435,17245
3435,17246
3435,17247
3435,17248
3435,17249
3435,17250
3435,17251
3435,17252
3435,17253
3435,17254
3435,17255
3435,17256
3435,17257
3435,17258
3435,17259
3435,17260
3435,17261
3435,17262
3435,17263
3435,17264
3435,17265
3435,17266
3435,17267
3435,17268
3435,17269
3435,17270
3435,17271
3435,17272
3435,17273
3435,17274
3435,17275
3435,17276
3435,17277
3435,17278
3435,17279
3435,17280
3435,17281
3435,17282
3435,17283
3435,17284
3435,17285
3435,17286
3435,17287
3435,17288
3435,17289
3435,17290
3435,17291
3435,17292
3435,17293
3435,17294
3435,17295
3435,17296
3435,17297
3435,17298
3435,17299
3435,17300
3435,17301
3435,17302
3435,17303
3435,17304
3435,17305
3435,17306
3435,17307
3435,17308
3435,17309
3435,17310
3435,17311
3435,17312
3435,17313
3435,17314
3435,17315
3435,17316
3435,17317
3435,17318
3435,17319
3435,17320
3435,17321
3435,17322
3435,17323
3435,17324
3435,17325
3435,17326
3435,17327
3435,17328
3435,17329
3435,17330
3435,17331
3435,17332
3435,17333
3435,17334
3435,17335
3435,17336
3435,17337
3435,17338
3435,17339
3435,17340
3435,17341
3435,17342
3435,17343
3435,17344
3435,17345
3435,17346
3435,17347
3435,17348
3435,17349
3435,17350
3435,17351
3435,17352
3435,17353
3435,17354
3435,17355
3435,17356
3435,17357
3435,17358
3435,17359
3435,17360
3435,17361
3435,17362
3435,17363
3435,17364
3435,17365
3435,17366
3435,17367
3435,17368
3435,17369
3435,17370
3435,17371
3435,17372
3435,17373
3435,17374
3435,17375
3435,17376
3435,17377
3435,17378
3435,17379
3435,17380
3435,17381
3435,17382
3435,17383
3435,17384
3435,17385
3435,17386
3435,17387
3435,17388
3435,17389
3435,17390
3435,17391
3436,17232
3436,17233
3436,17234
3436,17235
3436,17236
3436,17237
3436,17238
3436,17239
3436,17240
3436,17241
3436,17242
3436,17243
3436,17244
3436,17245
3436,17246
3436,17247
3436,17248
3436,17249
3436,17250
3436,17251
3436,17252
3436,17253
3436,17254
3436,17255
3436,17256
3436,17257
3436,17258
3436,17259
3436,17260
3436,17261
3436,17262
3436,17263
3436,17264
3436,17265
3436,17266
3436,17267
3436,17268
3436,17269
3436,17270
3436,17271
3436,17272
3436,17273
3436,17274
3436,17275
3436,17276
3436,17277
3436,17278
3436,17279
3436,17280
3436,17281
3436,17282
3436,17283
3436,17284
3436,17285
3436,17286
3436,17287
3436,17288
3436,17289
3436,17290
3436,17291
3436,17292
3436,17293
3436,17294
3436,17295
3436,17296
3436,17297
3436,17298
3436,17299
3436,17300
3436,17301
3436,17302
3436,17303
3436,17304
3436,17305
3436,17306
3436,17307
3436,17308
3436,17309
3436,17310
3436,17311
3436,17312
3436,17313
3436,17314
3436,17315
3436,17316
3436,17317
3436,17318
3436,17319
3436,17320
3436,17321
3436,17322
3436,17323
3436,17324
3436,17325
3436,17326
3436,17327
3436,17328
3436,17329
3436,17330
3436,17331
3436,17332
3436,17333
3436,17334
3436,17335
3436,17336
3436,17337
3436,17338
3436,17339
3436,17340
3436,17341
3436,17342
3436,17343
3436,17344
3436,17345
3436,17346
3436,17347
3436,17348
3436,17349
3436,17350
3436,17351
3436,17352
3436,17353
3436,17354
3436,17355
3436,17356
3436,17357
3436,17358
3436,17359
3436,17360
3436,17361
3436,17362
3436,17363
3436,17364
3436,17365
3436,17366
3436,17367
3436,17368
3436,17369
3436,17370
3436,17371
3436,17372
3436,17373
3436,17374
3436,17375
3436,17376
3436,17377
3436,17378
3436,17379
3436,17380
3436,17381
3436,17382
3436,17383
3436,17384
3436,17385
3436,17386
3436,17387
3436,17388
3436,17389
3436,17390
3437,17232
3437,17233
3437,17234
3437,17235
3437,17236
3437,17237
3437,17238
3437,17239
3437,17240
3437,17241
3437,17242
3437,17243
3437,17244
3437,17245
3437,17246
3437,17247
3437,17248
3437,17249
3437,17250
3437,17251
3437,17252
3437,17253
3437,17254
3437,17255
3437,17256
3437,17257
3437,17258
3437,17259
3437,17260
3437,17261
3437,17262
3437,17263
3437,17264
3437,17265
3437,17266
3437,17267
3437,17268
3437,17269
3437,17270
3437,17271
3437,17272
3437,17273
3437,17274
3437,17275
3437,17276
3437,17277
3437,17278
3437,17279
3437,17280
3437,17281
3437,17282
3437,17283
3437,17284
3437,17285
3437,17286
3437,17287
3437,17288
3437,17289
3437,17290
3437,17291
3437,17292
3437,17293
3437,17294
3437,17295
3437,17296
3437,17297
3437,17298
3437,17299
3437,17300
3437,17301
3437,17302
3437,17303
3437,17304
3437,17305
3437,17306
3437,17307
3437,17308
3437,17309
3437,17310
3437,17311
3437,17312
3437,17313
3437,17314
3437,17315
3437,17316
3437,17317
3437,17318
3437,17319
3437,17320
3437,17321
3437,17322
3437,17323
3437,17324
3437,17325
3437,17326
3437,17327
3437,17328
3437,17329
3437,17330
3437,17331
3437,17332
3437,17333
3437,17334
3437,17335
3437,17336
3437,17337
3437,17338
3437,17339
3437,17340
3437,17341
3437,17342
3437,17343
3437,17344
3437,17345
3437,17346
3437,17347
3437,17348
3437,17349
3437,17350
3437,17351
3437,17352
3437,17353
3437,17354
3437,17355
3437,17356
3437,17357
3437,17358
3437,17359
3437,17360
3437,17361
3437,17362
3437,17363
3437,17364
3437,17365
3437,17366
3437,17367
3437,17368
3437,17369
3437,17370
3437,17371
3437,17372
3437,17373
3437,17374
3437,17375
3437,17376
3437,17377
3437,17378
3437,17379
3437,17380
3437,17381
3437,17382
3437,17383
3437,17384
3437,17385
3437,17386
3437,17387
3437,17388
3437,17389
3438,17232
3438,17233
3438,17234
3438,17235
3438,17236
3438,17237
3438,17238
3438,17239
3438,17240
3438,17241
3438,17242
3438,17243
3438,17244
3438,17245
3438,17246
3438,17247
3438,17248
3438,17249
3438,17250
3438,17251
3438,17252
3438,17253
3438,17254
3438,17255
3438,17256
3438,17257
3438,17258
3438,17259
3438,17260
3438,17261
3438,17262
3438,17263
3438,17264
3438,17265
3438,17266
3438,17267
3438,17268
3438,17269
3438,17270
3438,17271
3438,17272
3438,17273
3438,17274
3438,17275
3438,17276
3438,17277
3438,17278
3438,17279
3438,17280
3438,17281
3438,17282
3438,17283
3438,17284
3438,17285
3438,17286
3438,17287
3438,17288
3438,17289
3438,17290
3438,17291
3438,17292
3438,17293
3438,17294
3438,17295
3438,17296
3438,17297
3438,17298
3438,17299
3438,17300
3438,17301
3438,17302
3438,17303
3438,17304
3438,17305
3438,17306
3438,17307
3438,17308
3438,17309
3438,17310
3438,17311
3438,17312
3438,17313
3438,17314
3438,17315
3438,17316
3438,17317
3438,17318
3438,17319
3438,17320
3438,17321
3438,17322
3438,17323
3438,17324
3438,17325
3438,17326
3438,17327
3438,17328
3438,17329
3438,17330
3438,17331
3438,17332
3438,17333
3438,17334
3438,17335
3438,17336
3438,17337
3438,17338
3438,17339
3438,17340
3438,17341
3438,17342
3438,17343
3438,17344
3438,17345
3438,17346
3438,17347
3438,17348
3438,17349
3438,17350
3438,17351
3438,17352
3438,17353
3438,17354
3438,17355
3438,17356
3438,17357
3438,17358
3438,17359
3438,17360
3438,17361
3438,17362
3438,17363
3438,17364
3438,17365
3438,17366
3438,17367
3438,17368
3438,17369
3438,17370
3438,17371
3438,17372
3438,17373
3438,17374
3438,17375
3438,17376
3438,17377
3438,17378
3438,17379
3438,17380
3438,17381
3438,17382
3438,17383
3438,17384
3438,17385
3438,17386
3438,17387
3438,17388
3439,17231
3439,17232
3439,17233
3439,17234
3439,17235
3439,17236
3439,17237
3439,17238
3439,17239
3439,17240
3439,17241
3439,17242
3439,17243
3439,17244
3439,17245
3439,17246
3439,17247
3439,17248
3439,17249
3439,17250
3439,17251
3439,17252
3439,17253
3439,17254
3439,17255
3439,17256
3439,17257
3439,17258
3439,17259
3439,17260
3439,17261
3439,17262
3439,17263
3439,17264
3439,17265
3439,17266
3439,17267
3439,17268
3439,17269
3439,17270
3439,17271
3439,17272
3439,17273
3439,17274
3439,17275
3439,17276
3439,17277
3439,17278
3439,17279
3439,17280
3439,17281
3439,17282
3439,17283
3439,17284
3439,17285
3439,17286
3439,17287
3439,17288
3439,17289
3439,17290
3439,17291
3439,17292
3439,17293
3439,17294
3439,17295
3439,17296
3439,17297
3439,17298
3439,17299
3439,17300
3439,17301
3439,17302
3439,17303
3439,17304
3439,17305
3439,17306
3439,17307
3439,17308
3439,17309
3439,17310
3439,17311
3439,17312
3439,17313
3439,17314
3439,17315
3439,17316
3439,17317
3439,17318
3439,17319
3439,17320
3439,17321
3439,17322
3439,17323
3439,17324
3439,17325
3439,17326
3439,17327
3439,17328
3439,17329
3439,17330
3439,17331
3439,17332
3439,17333
3439,17334
3439,17335
3439,17336
3439,17337
3439,17338
3439,17339
3439,17340
3439,17341
3439,17342
3439,17343
3439,17344
3439,17345
3439,17346
3439,17347
3439,17348
3439,17349
3439,17350
3439,17351
3439,17352
3439,17353
3439,17354
3439,17355
3439,17356
3439,17357
3439,17358
3439,17359
3439,17360
3439,17361
3439,17362
3439,17363
3439,17364
3439,17365
3439,17366
3439,17367
3439,17368
3439,17369
3439,17370
3439,17371
3439,17372
3439,17373
3439,17374
3439,17375
3439,17376
3439,17377
3439,17378
3439,17379
3439,17380
3439,17381
3439,17382
3439,17383
3439,17384
3439,17385
3439,17386
3439,17387
3440,17232
3440,17233
3440,17234
3440,17235
3440,17236
3440,17237
3440,17238
3440,17239
3440,17240
3440,17241
3440,17242
3440,17243
3440,17244
3440,17245
3440,17246
3440,17247
3440,17248
3440,17249
3440,17250
3440,17251
3440,17252
3440,17253
3440,17254
3440,17255
3440,17256
3440,17257
3440,17258
3440,17259
3440,17260
3440,17261
3440,17262
3440,17263
3440,17264
3440,17265
3440,17266
3440,17267
3440,17268
3440,17269
3440,17270
3440,17271
3440,17272
3440,17273
3440,17274
3440,17275
3440,17276
3440,17277
3440,17278
3440,17279
3440,17280
3440,17281
3440,17282
3440,17283
3440,17284
3440,17285
3440,17286
3440,17287
3440,17288
3440,17289
3440,17290
3440,17291
3440,17292
3440,17293
3440,17294
3440,17295
3440,17296
3440,17297
3440,17298
3440,17299
3440,17300
3440,17301
3440,17302
3440,17303
3440,17304
3440,17305
3440,17306
3440,17307
3440,17308
3440,17309
3440,17310
3440,17311
3440,17312
3440,17313
3440,17314
3440,17315
3440,17316
3440,17317
3440,17318
3440,17319
3440,17320
3440,17321
3440,17322
3440,17323
3440,17324
3440,17325
3440,17326
3440,17327
3440,17328
3440,17329
3440,17330
3440,17331
3440,17332
3440,17333
3440,17334
3440,17335
3440,17336
3440,17337
3440,17338
3440,17339
3440,17340
3440,17341
3440,17342
3440,17343
3440,17344
3440,17345
3440,17346
3440,17347
3440,17348
3440,17349
3440,17350
3440,17351
3440,17352
3440,17353
3440,17354
3440,17355
3440,17356
3440,17357
3440,17358
3440,17359
3440,17360
3440,17361
3440,17362
3440,17363
3440,17364
3440,17365
3440,17366
3440,17367
3440,17368
3440,17369
3440,17370
3440,17371
3440,17372
3440,17373
3440,17374
3440,17375
3440,17376
3440,17377
3440,17378
3440,17379
3440,17380
3440,17381
3440,17382
3440,17383
3440,17384
3440,17385
3440,17386
3441,17232
3441,17233
3441,17234
3441,17235
3441,17236
3441,17237
3441,17238
3441,17239
3441,17240
3441,17241
3441,17242
3441,17243
3441,17244
3441,17245
3441,17246
3441,17247
3441,17248
3441,17249
3441,17250
3441,17251
3441,17252
3441,17253
3441,17254
3441,17255
3441,17256
3441,17257
3441,17258
3441,17259
3441,17260
3441,17261
3441,17262
3441,17263
3441,17264
3441,17265
3441,17266
3441,17267
3441,17268
3441,17269
3441,17270
3441,17271
3441,17272
3441,17273
3441,17274
3441,17275
3441,17276
3441,17277
3441,17278
3441,17279
3441,17280
3441,17281
3441,17282
3441,17283
3441,17284
3441,17285
3441,17286
3441,17287
3441,17288
3441,17289
3441,17290
3441,17291
3441,17292
3441,17293
3441,17294
3441,17295
3441,17296
3441,17297
3441,17298
3441,17299
3441,17300
3441,17301
3441,17302
3441,17303
3441,17304
3441,17305
3441,17306
3441,17307
3441,17308
3441,17309
3441,17310
3441,17311
3441,17312
3441,17313
3441,17314
3441,17315
3441,17316
3441,17317
3441,17318
3441,17319
3441,17320
3441,17321
3441,17322
3441,17323
3441,17324
3441,17325
3441,17326
3441,17327
3441,17328
3441,17329
3441,17330
3441,17331
3441,17332
3441,17333
3441,17334
3441,17335
3441,17336
3441,17337
3441,17338
3441,17339
3441,17340
3441,17341
3441,17342
3441,17343
3441,17344
3441,17345
3441,17346
3441,17347
3441,17348
3441,17349
3441,17350
3441,17351
3441,17352
3441,17353
3441,17354
3441,17355
3441,17356
3441,17357
3441,17358
3441,17359
3441,17360
3441,17361
3441,17362
3441,17363
3441,17364
3441,17365
3441,17366
3441,17367
3441,17368
3441,17369
3441,17370
3441,17371
3441,17372
3441,17373
3441,17374
3441,17375
3441,17376
3441,17377
3441,17378
3441,17379
3441,17380
3441,17381
3441,17382
3441,17383
3441,17384
3442,17232
3442,17233
3442,17234
3442,17235
3442,17236
3442,17237
3442,17238
3442,17239
3442,17240
3442,17241
3442,17242
3442,17243
3442,17244
3442,17245
3442,17246
3442,17247
3442,17248
3442,17249
3442,17250
3442,17251
3442,17252
3442,17253
3442,17254
3442,17255
3442,17256
3442,17257
3442,17258
3442,17259
3442,17260
3442,17261
3442,17262
3442,17263
3442,17264
3442,17265
3442,17266
3442,17267
3442,17268
3442,17269
3442,17270
3442,17271
3442,17272
3442,17273
3442,17274
3442,17275
3442,17276
3442,17277
3442,17278
3442,17279
3442,17280
3442,17281
3442,17282
3442,17283
3442,17284
3442,17285
3442,17286
3442,17287
3442,17288
3442,17289
3442,17290
3442,17291
3442,17292
3442,17293
3442,17294
3442,17295
3442,17296
3442,17297
3442,17298
3442,17299
3442,17300
3442,17301
3442,17302
3442,17303
3442,17304
3442,17305
3442,17306
3442,17307
3442,17308
3442,17309
3442,17310
3442,17311
3442,17312
3442,17313
3442,17314
3442,17315
3442,17316
3442,17317
3442,17318
3442,17319
3442,17320
3442,17321
3442,17322
3442,17323
3442,17324
3442,17325
3442,17326
3442,17327
3442,17328
3442,17329
3442,17330
3442,17331
3442,17332
3442,17333
3442,17334
3442,17335
3442,17336
3442,17337
3442,17338
3442,17339
3442,17340
3442,17341
3442,17342
3442,17343
3442,17344
3442,17345
3442,17346
3442,17347
3442,17348
3442,17349
3442,17350
3442,17351
3442,17352
3442,17353
3442,17354
3442,17355
3442,17356
3442,17357
3442,17358
3442,17359
3442,17360
3442,17361
3442,17362
3442,17363
3442,17364
3442,17365
3442,17366
3442,17367
3442,17368
3442,17369
3442,17370
3442,17371
3442,17372
3442,17373
3442,17374
3442,17375
3442,17376
3442,17377
3442,17378
3442,17379
3442,17380
3442,17381
3442,17382
3443,17231
3443,17232
3443,17233
3443,17234
3443,17235
3443,17236
3443,17237
3443,17238
3443,17239
3443,17240
3443,17241
3443,17242
3443,17243
3443,17244
3443,17245
3443,17246
3443,17247
3443,17248
3443,17249
3443,17250
3443,17251
3443,17252
3443,17253
3443,17254
3443,17255
3443,17256
3443,17257
3443,17258
3443,17259
3443,17260
3443,17261
3443,17262
3443,17263
3443,17264
3443,17265
3443,17266
3443,17267
3443,17268
3443,17269
3443,17270
3443,17271
3443,17272
3443,17273
3443,17274
3443,17275
3443,17276
3443,17277
3443,17278
3443,17279
3443,17280
3443,17281
3443,17282
3443,17283
3443,17284
3443,17285
3443,17286
3443,17287
3443,17288
3443,17289
3443,17290
3443,17291
3443,17292
3443,17293
3443,17294
3443,17295
3443,17296
3443,17297
3443,17298
3443,17299
3443,17300
3443,17301
3443,17302
3443,17303
3443,17304
3443,17305
3443,17306
3443,17307
3443,17308
3443,17309
3443,17310
3443,17311
3443,17312
3443,17313
3443,17314
3443,17315
3443,17316
3443,17317
3443,17318
3443,17319
3443,17320
3443,17321
3443,17322
3443,17323
3443,17324
3443,17325
3443,17326
3443,17327
3443,17328
3443,17329
3443,17330
3443,17331
3443,17332
3443,17333
3443,17334
3443,17335
3443,17336
3443,17337
3443,17338
3443,17339
3443,17340
3443,17341
3443,17342
3443,17343
3443,17344
3443,17345
3443,17346
3443,17347
3443,17348
3443,17349
3443,17350
3443,17351
3443,17352
3443,17353
3443,17354
3443,17355
3443,17356
3443,17357
3443,17358
3443,17359
3443,17360
3443,17361
3443,17362
3443,17363
3443,17364
3443,17365
3443,17366
3443,17367
3443,17368
3443,17369
3443,17370
3443,17371
3443,17372
3443,17373
3443,17374
3443,17375
3443,17376
3443,17377
3443,17378
3443,17379
3443,17380
3443,17381
3443,17382
3444,17231
3444,17232
3444,17233
3444,17234
3444,17235
3444,17236
3444,17237
3444,17238
3444,17239
3444,17240
3444,17241
3444,17242
3444,17243
3444,17244
3444,17245
3444,17246
3444,17247
3444,17248
3444,17249
3444,17250
3444,17251
3444,17252
3444,17253
3444,17254
3444,17255
3444,17256
3444,17257
3444,17258
3444,17259
3444,17260
3444,17261
3444,17262
3444,17263
3444,17264
3444,17265
3444,17266
3444,17267
3444,17268
3444,17269
3444,17270
3444,17271
3444,17272
3444,17273
3444,17274
3444,17275
3444,17276
3444,17277
3444,17278
3444,17279
3444,17280
3444,17281
3444,17282
3444,17283
3444,17284
3444,17285
3444,17286
3444,17287
3444,17288
3444,17289
3444,17290
3444,17291
3444,17292
3444,17293
3444,17294
3444,17295
3444,17296
3444,17297
3444,17298
3444,17299
3444,17300
3444,17301
3444,17302
3444,17303
3444,17304
3444,17305
3444,17306
3444,17307
3444,17308
3444,17309
3444,17310
3444,17311
3444,17312
3444,17313
3444,17314
3444,17315
3444,17316
3444,17317
3444,17318
3444,17319
3444,17320
3444,17321
3444,17322
3444,17323
3444,17324
3444,17325
3444,17326
3444,17327
3444,17328
3444,17329
3444,17330
3444,17331
3444,17332
3444,17333
3444,17334
3444,17335
3444,17336
3444,17337
3444,17338
3444,17339
3444,17340
3444,17341
3444,17342
3444,17343
3444,17344
3444,17345
3444,17346
3444,17347
3444,17348
3444,17349
3444,17350
3444,17351
3444,17352
3444,17353
3444,17354
3444,17355
3444,17356
3444,17357
3444,17358
3444,17359
3444,17360
3444,17361
3444,17362
3444,17363
3444,17364
3444,17365
3444,17366
3444,17367
3444,17368
3444,17369
3444,17370
3444,17371
3444,17372
3444,17373
3444,17374
3444,17375
3444,17376
3444,17377
3444,17378
3444,17379
3444,17380
3444,17381
3445,17231
3445,17232
3445,17233
3445,17234
3445,17235
3445,17236
3445,17237
3445,17238
3445,17239
3445,17240
3445,17241
3445,17242
3445,17243
3445,17244
3445,17245
3445,17246
3445,17247
3445,17248
3445,17249
3445,17250
3445,17251
3445,17252
3445,17253
3445,17254
3445,17255
3445,17256
3445,17257
3445,17258
3445,17259
3445,17260
3445,17261
3445,17262
3445,17263
3445,17264
3445,17265
3445,17266
3445,17267
3445,17268
3445,17269
3445,17270
3445,17271
3445,17272
3445,17273
3445,17274
3445,17275
3445,17276
3445,17277
3445,17278
3445,17279
3445,17280
3445,17281
3445,17282
3445,17283
3445,17284
3445,17285
3445,17286
3445,17287
3445,17288
3445,17289
3445,17290
3445,17291
3445,17292
3445,17293
3445,17294
3445,17295
3445,17296
3445,17297
3445,17298
3445,17299
3445,17300
3445,17301
3445,17302
3445,17303
3445,17304
3445,17305
3445,17306
3445,17307
3445,17308
3445,17309
3445,17310
3445,17311
3445,17312
3445,17313
3445,17314
3445,17315
3445,17316
3445,17317
3445,17318
3445,17319
3445,17320
3445,17321
3445,17322
3445,17323
3445,17324
3445,17325
3445,17326
3445,17327
3445,17328
3445,17329
3445,17330
3445,17331
3445,17332
3445,17333
3445,17334
3445,17335
3445,17336
3445,17337
3445,17338
3445,17339
3445,17340
3445,17341
3445,17342
3445,17343
3445,17344
3445,17345
3445,17346
3445,17347
3445,17348
3445,17349
3445,17350
3445,17351
3445,17352
3445,17353
3445,17354
3445,17355
3445,17356
3445,17357
3445,17358
3445,17359
3445,17360
3445,17361
3445,17362
3445,17363
3445,17364
3445,17365
3445,17366
3445,17367
3445,17368
3445,17369
3445,17370
3445,17371
3445,17372
3445,17373
3445,17374
3445,17375
3445,17376
3445,17377
3445,17378
3445,17379
3445,17380
3445,17381
3446,17230
3446,17231
3446,17232
3446,17233
3446,17234
3446,17235
3446,17236
3446,17237
3446,17238
3446,17239
3446,17240
3446,17241
3446,17242
3446,17243
3446,17244
3446,17245
3446,17246
3446,17247
3446,17248
3446,17249
3446,17250
3446,17251
3446,17252
3446,17253
3446,17254
3446,17255
3446,17256
3446,17257
3446,17258
3446,17259
3446,17260
3446,17261
3446,17262
3446,17263
3446,17264
3446,17265
3446,17266
3446,17267
3446,17268
3446,17269
3446,17270
3446,17271
3446,17272
3446,17273
3446,17274
3446,17275
3446,17276
3446,17277
3446,17278
3446,17279
3446,17280
3446,17281
3446,17282
3446,17283
3446,17284
3446,17285
3446,17286
3446,17287
3446,17288
3446,17289
3446,17290
3446,17291
3446,17292
3446,17293
3446,17294
3446,17295
3446,17296
3446,17297
3446,17298
3446,17299
3446,17300
3446,17301
3446,17302
3446,17303
3446,17304
3446,17305
3446,17306
3446,17307
3446,17308
3446,17309
3446,17310
3446,17311
3446,17312
3446,17313
3446,17314
3446,17315
3446,17316
3446,17317
3446,17318
3446,17319
3446,17320
3446,17321
3446,17322
3446,17323
3446,17324
3446,17325
3446,17326
3446,17327
3446,17328
3446,17329
3446,17330
3446,17331
3446,17332
3446,17333
3446,17334
3446,17335
3446,17336
3446,17337
3446,17338
3446,17339
3446,17340
3446,17341
3446,17342
3446,17343
3446,17344
3446,17345
3446,17346
3446,17347
3446,17348
3446,17349
3446,17350
3446,17351
3446,17352
3446,17353
3446,17354
3446,17355
3446,17356
3446,17357
3446,17358
3446,17359
3446,17360
3446,17361
3446,17362
3446,17363
3446,17364
3446,17365
3446,17366
3446,17367
3446,17368
3446,17369
3446,17370
3446,17371
3446,17372
3446,17373
3446,17374
3446,17375
3446,17376
3446,17377
3446,17378
3446,17379
3446,17380
3446,17381
3447,17230
3447,17231
3447,17232
3447,17233
3447,17234
3447,17235
3447,17236
3447,17237
3447,17238
3447,17239
3447,17240
3447,17241
3447,17242
3447,17243
3447,17244
3447,17245
3447,17246
3447,17247
3447,17248
3447,17249
3447,17250
3447,17251
3447,17252
3447,17253
3447,17254
3447,17255
3447,17256
3447,17257
3447,17258
3447,17259
3447,17260
3447,17261
3447,17262
3447,17263
3447,17264
3447,17265
3447,17266
3447,17267
3447,17268
3447,17269
3447,17270
3447,17271
3447,17272
3447,17273
3447,17274
3447,17275
3447,17276
3447,17277
3447,17278
3447,17279
3447,17280
3447,17281
3447,17282
3447,17283
3447,17284
3447,17285
3447,17286
3447,17287
3447,17288
3447,17289
3447,17290
3447,17291
3447,17292
3447,17293
3447,17294
3447,17295
3447,17296
3447,17297
3447,17298
3447,17299
3447,17300
3447,17301
3447,17302
3447,17303
3447,17304
3447,17305
3447,17306
3447,17307
3447,17308
3447,17309
3447,17310
3447,17311
3447,17312
3447,17313
3447,17314
3447,17315
3447,17316
3447,17317
3447,17318
3447,17319
3447,17320
3447,17321
3447,17322
3447,17323
3447,17324
3447,17325
3447,17326
3447,17327
3447,17328
3447,17329
3447,17330
3447,17331
3447,17332
3447,17333
3447,17334
3447,17335
3447,17336
3447,17337
3447,17338
3447,17339
3447,17340
3447,17341
3447,17342
3447,17343
3447,17344
3447,17345
3447,17346
3447,17347
3447,17348
3447,17349
3447,17350
3447,17351
3447,17352
3447,17353
3447,17354
3447,17355
3447,17356
3447,17357
3447,17358
3447,17359
3447,17360
3447,17361
3447,17362
3447,17363
3447,17364
3447,17365
3447,17366
3447,17367
3447,17368
3447,17369
3447,17370
3447,17371
3447,17372
3447,17373
3447,17374
3447,17375
3447,17376
3447,17377
3447,17378
3447,17379
3447,17380
3448,17229
3448,17230
3448,17231
3448,17232
3448,17233
3448,17234
3448,17235
3448,17236
3448,17237
3448,17238
3448,17239
3448,17240
3448,17241
3448,17242
3448,17243
3448,17244
3448,17245
3448,17246
3448,17247
3448,17248
3448,17249
3448,17250
3448,17251
3448,17252
3448,17253
3448,17254
3448,17255
3448,17256
3448,17257
3448,17258
3448,17259
3448,17260
3448,17261
3448,17262
3448,17263
3448,17264
3448,17265
3448,17266
3448,17267
3448,17268
3448,17269
3448,17270
3448,17271
3448,17272
3448,17273
3448,17274
3448,17275
3448,17276
3448,17277
3448,17278
3448,17279
3448,17280
3448,17281
3448,17282
3448,17283
3448,17284
3448,17285
3448,17286
3448,17287
3448,17288
3448,17289
3448,17290
3448,17291
3448,17292
3448,17293
3448,17294
3448,17295
3448,17296
3448,17297
3448,17298
3448,17299
3448,17300
3448,17301
3448,17302
3448,17303
3448,17304
3448,17305
3448,17306
3448,17307
3448,17308
3448,17309
3448,17310
3448,17311
3448,17312
3448,17313
3448,17314
3448,17315
3448,17316
3448,17317
3448,17318
3448,17319
3448,17320
3448,17321
3448,17322
3448,17323
3448,17324
3448,17325
3448,17326
3448,17327
3448,17328
3448,17329
3448,17330
3448,17331
3448,17332
3448,17333
3448,17334
3448,17335
3448,17336
3448,17337
3448,17338
3448,17339
3448,17340
3448,17341
3448,17342
3448,17343
3448,17344
3448,17345
3448,17346
3448,17347
3448,17348
3448,17349
3448,17350
3448,17351
3448,17352
3448,17353
3448,17354
3448,17355
3448,17356
3448,17357
3448,17358
3448,17359
3448,17360
3448,17361
3448,17362
3448,17363
3448,17364
3448,17365
3448,17366
3448,17367
3448,17368
3448,17369
3448,17370
3448,17371
3448,17372
3448,17373
3448,17374
3448,17375
3448,17376
3448,17377
3448,17378
3448,17379
3448,17380
3449,17229
3449,17230
3449,17231
3449,17232
3449,17233
3449,17234
3449,17235
3449,17236
3449,17237
3449,17238
3449,17239
3449,17240
3449,17241
3449,17242
3449,17243
3449,17244
3449,17245
3449,17246
3449,17247
3449,17248
3449,17249
3449,17250
3449,17251
3449,17252
3449,17253
3449,17254
3449,17255
3449,17256
3449,17257
3449,17258
3449,17259
3449,17260
3449,17261
3449,17262
3449,17263
3449,17264
3449,17265
3449,17266
3449,17267
3449,17268
3449,17269
3449,17270
3449,17271
3449,17272
3449,17273
3449,17274
3449,17275
3449,17276
3449,17277
3449,17278
3449,17279
3449,17280
3449,17281
3449,17282
3449,17283
3449,17284
3449,17285
3449,17286
3449,17287
3449,17288
3449,17289
3449,17290
3449,17291
3449,17292
3449,17293
3449,17294
3449,17295
3449,17296
3449,17297
3449,17298
3449,17299
3449,17300
3449,17301
3449,17302
3449,17303
3449,17304
3449,17305
3449,17306
3449,17307
3449,17308
3449,17309
3449,17310
3449,17311
3449,17312
3449,17313
3449,17314
3449,17315
3449,17316
3449,17317
3449,17318
3449,17319
3449,17320
3449,17321
3449,17322
3449,17323
3449,17324
3449,17325
3449,17326
3449,17327
3449,17328
3449,17329
3449,17330
3449,17331
3449,17332
3449,17333
3449,17334
3449,17335
3449,17336
3449,17337
3449,17338
3449,17339
3449,17340
3449,17341
3449,17342
3449,17343
3449,17344
3449,17345
3449,17346
3449,17347
3449,17348
3449,17349
3449,17350
3449,17351
3449,17352
3449,17353
3449,17354
3449,17355
3449,17356
3449,17357
3449,17358
3449,17359
3449,17360
3449,17361
3449,17362
3449,17363
3449,17364
3449,17365
3449,17366
3449,17367
3449,17368
3449,17369
3449,17370
3449,17371
3449,17372
3449,17373
3449,17374
3449,17375
3449,17376
3449,17377
3449,17378
3449,17379
3450,17228
3450,17229
3450,17230
3450,17231
3450,17232
3450,17233
3450,17234
3450,17235
3450,17236
3450,17237
3450,17238
3450,17239
3450,17240
3450,17241
3450,17242
3450,17243
3450,17244
3450,17245
3450,17246
3450,17247
3450,17248
3450,17249
3450,17250
3450,17251
3450,17252
3450,17253
3450,17254
3450,17255
3450,17256
3450,17257
3450,17258
3450,17259
3450,17260
3450,17261
3450,17262
3450,17263
3450,17264
3450,17265
3450,17266
3450,17267
3450,17268
3450,17269
3450,17270
3450,17271
3450,17272
3450,17273
3450,17274
3450,17275
3450,17276
3450,17277
3450,17278
3450,17279
3450,17280
3450,17281
3450,17282
3450,17283
3450,17284
3450,17285
3450,17286
3450,17287
3450,17288
3450,17289
3450,17290
3450,17291
3450,17292
3450,17293
3450,17294
3450,17295
3450,17296
3450,17297
3450,17298
3450,17299
3450,17300
3450,17301
3450,17302
3450,17303
3450,17304
3450,17305
3450,17306
3450,17307
3450,17308
3450,17309
3450,17310
3450,17311
3450,17312
3450,17313
3450,17314
3450,17315
3450,17316
3450,17317
3450,17318
3450,17319
3450,17320
3450,17321
3450,17322
3450,17323
3450,17324
3450,17325
3450,17326
3450,17327
3450,17328
3450,17329
3450,17330
3450,17331
3450,17332
3450,17333
3450,17334
3450,17335
3450,17336
3450,17337
3450,17338
3450,17339
3450,17340
3450,17341
3450,17342
3450,17343
3450,17344
3450,17345
3450,17346
3450,17347
3450,17348
3450,17349
3450,17350
3450,17351
3450,17352
3450,17353
3450,17354
3450,17355
3450,17356
3450,17357
3450,17358
3450,17359
3450,17360
3450,17361
3450,17362
3450,17363
3450,17364
3450,17365
3450,17366
3450,17367
3450,17368
3450,17369
3450,17370
3450,17371
3450,17372
3450,17373
3450,17374
3450,17375
3450,17376
3450,17377
3450,17378
3451,17228
3451,17229
3451,17230
3451,17231
3451,17232
3451,17233
3451,17234
3451,17235
3451,17236
3451,17237
3451,17238
3451,17239
3451,17240
3451,17241
3451,17242
3451,17243
3451,17244
3451,17245
3451,17246
3451,17247
3451,17248
3451,17249
3451,17250
3451,17251
3451,17252
3451,17253
3451,17254
3451,17255
3451,17256
3451,17257
3451,17258
3451,17259
3451,17260
3451,17261
3451,17262
3451,17263
3451,17264
3451,17265
3451,17266
3451,17267
3451,17268
3451,17269
3451,17270
3451,17271
3451,17272
3451,17273
3451,17274
3451,17275
3451,17276
3451,17277
3451,17278
3451,17279
3451,17280
3451,17281
3451,17282
3451,17283
3451,17284
3451,17285
3451,17286
3451,17287
3451,17288
3451,17289
3451,17290
3451,17291
3451,17292
3451,17293
3451,17294
3451,17295
3451,17296
3451,17297
3451,17298
3451,17299
3451,17300
3451,17301
3451,17302
3451,17303
3451,17304
3451,17305
3451,17306
3451,17307
3451,17308
3451,17309
3451,17310
3451,17311
3451,17312
3451,17313
3451,17314
3451,17315
3451,17316
3451,17317
3451,17318
3451,17319
3451,17320
3451,17321
3451,17322
3451,17323
3451,17324
3451,17325
3451,17326
3451,17327
3451,17328
3451,17329
3451,17330
3451,17331
3451,17332
3451,17333
3451,17334
3451,17335
3451,17336
3451,17337
3451,17338
3451,17339
3451,17340
3451,17341
3451,17342
3451,17343
3451,17344
3451,17345
3451,17346
3451,17347
3451,17348
3451,17349
3451,17350
3451,17351
3451,17352
3451,17353
3451,17354
3451,17355
3451,17356
3451,17357
3451,17358
3451,17359
3451,17360
3451,17361
3451,17362
3451,17363
3451,17364
3451,17365
3451,17366
3451,17367
3451,17368
3451,17369
3451,17370
3451,17371
3451,17372
3451,17373
3451,17374
3451,17375
3451,17376
3451,17377
3452,17227
3452,17228
3452,17229
3452,17230
3452,17231
3452,17232
3452,17233
3452,17234
3452,17235
3452,17236
3452,17237
3452,17238
3452,17239
3452,17240
3452,17241
3452,17242
3452,17243
3452,17244
3452,17245
3452,17246
3452,17247
3452,17248
3452,17249
3452,17250
3452,17251
3452,17252
3452,17253
3452,17254
3452,17255
3452,17256
3452,17257
3452,17258
3452,17259
3452,17260
3452,17261
3452,17262
3452,17263
3452,17264
3452,17265
3452,17266
3452,17267
3452,17268
3452,17269
3452,17270
3452,17271
3452,17272
3452,17273
3452,17274
3452,17275
3452,17276
3452,17277
3452,17278
3452,17279
3452,17280
3452,17281
3452,17282
3452,17283
3452,17284
3452,17285
3452,17286
3452,17287
3452,17288
3452,17289
3452,17290
3452,17291
3452,17292
3452,17293
3452,17294
3452,17295
3452,17296
3452,17297
3452,17298
3452,17299
3452,17300
3452,17301
3452,17302
3452,17303
3452,17304
3452,17305
3452,17306
3452,17307
3452,17308
3452,17309
3452,17310
3452,17311
3452,17312
3452,17313
3452,17314
3452,17315
3452,17316
3452,17317
3452,17318
3452,17319
3452,17320
3452,17321
3452,17322
3452,17323
3452,17324
3452,17325
3452,17326
3452,17327
3452,17328
3452,17329
3452,17330
3452,17331
3452,17332
3452,17333
3452,17334
3452,17335
3452,17336
3452,17337
3452,17338
3452,17339
3452,17340
3452,17341
3452,17342
3452,17343
3452,17344
3452,17345
3452,17346
3452,17347
3452,17348
3452,17349
3452,17350
3452,17351
3452,17352
3452,17353
3452,17354
3452,17355
3452,17356
3452,17357
3452,17358
3452,17359
3452,17360
3452,17361
3452,17362
3452,17363
3452,17364
3452,17365
3452,17366
3452,17367
3452,17368
3452,17369
3452,17370
3452,17371
3452,17375
3453,17227
3453,17228
3453,17229
3453,17230
3453,17231
3453,17232
3453,17233
3453,17234
3453,17235
3453,17236
3453,17237
3453,17238
3453,17239
3453,17240
3453,17241
3453,17242
3453,17243
3453,17244
3453,17245
3453,17246
3453,17247
3453,17248
3453,17249
3453,17250
3453,17251
3453,17252
3453,17253
3453,17254
3453,17255
3453,17256
3453,17257
3453,17258
3453,17259
3453,17260
3453,17261
3453,17262
3453,17263
3453,17264
3453,17265
3453,17266
3453,17267
3453,17268
3453,17269
3453,17270
3453,17271
3453,17272
3453,17273
3453,17274
3453,17275
3453,17276
3453,17277
3453,17278
3453,17279
3453,17280
3453,17281
3453,17282
3453,17283
3453,17284
3453,17285
3453,17286
3453,17287
3453,17288
3453,17289
3453,17290
3453,17291
3453,17292
3453,17293
3453,17294
3453,17295
3453,17296
3453,17297
3453,17298
3453,17299
3453,17300
3453,17301
3453,17302
3453,17303
3453,17304
3453,17305
3453,17306
3453,17307
3453,17308
3453,17309
3453,17310
3453,17311
3453,17312
3453,17313
3453,17314
3453,17315
3453,17316
3453,17317
3453,17318
3453,17319
3453,17320
3453,17321
3453,17322
3453,17323
3453,17324
3453,17325
3453,17326
3453,17327
3453,17328
3453,17329
3453,17330
3453,17331
3453,17332
3453,17333
3453,17334
3453,17335
3453,17336
3453,17337
3453,17338
3453,17339
3453,17340
3453,17341
3453,17342
3453,17343
3453,17344
3453,17345
3453,17346
3453,17347
3453,17348
3453,17349
3453,17350
3453,17351
3453,17352
3453,17353
3453,17354
3453,17355
3453,17356
3453,17357
3453,17358
3453,17359
3453,17360
3453,17361
3453,17362
3453,17363
3453,17364
3453,17365
3453,17366
3453,17367
3453,17368
3453,17369
3454,17227
3454,17228
3454,17229
3454,17230
3454,17231
3454,17232
3454,17233
3454,17234
3454,17235
3454,17236
3454,17237
3454,17238
3454,17239
3454,17240
3454,17241
3454,17242
3454,17243
3454,17244
3454,17245
3454,17246
3454,17247
3454,17248
3454,17249
3454,17250
3454,17251
3454,17252
3454,17253
3454,17254
3454,17255
3454,17256
3454,17257
3454,17258
3454,17259
3454,17260
3454,17261
3454,17262
3454,17263
3454,17264
3454,17265
3454,17266
3454,17267
3454,17268
3454,17269
3454,17270
3454,17271
3454,17272
3454,17273
3454,17274
3454,17275
3454,17276
3454,17277
3454,17278
3454,17279
3454,17280
3454,17281
3454,17282
3454,17283
3454,17284
3454,17285
3454,17286
3454,17287
3454,17288
3454,17289
3454,17290
3454,17291
3454,17292
3454,17293
3454,17294
3454,17295
3454,17296
3454,17297
3454,17298
3454,17299
3454,17300
3454,17301
3454,17302
3454,17303
3454,17304
3454,17305
3454,17306
3454,17307
3454,17308
3454,17309
3454,17310
3454,17311
3454,17312
3454,17313
3454,17314
3454,17315
3454,17316
3454,17317
3454,17318
3454,17319
3454,17320
3454,17321
3454,17322
3454,17323
3454,17324
3454,17325
3454,17326
3454,17327
3454,17328
3454,17329
3454,17330
3454,17331
3454,17332
3454,17333
3454,17334
3454,17335
3454,17336
3454,17337
3454,17338
3454,17339
3454,17340
3454,17341
3454,17342
3454,17343
3454,17344
3454,17345
3454,17346
3454,17347
3454,17348
3454,17349
3454,17350
3454,17351
3454,17352
3454,17353
3454,17354
3454,17355
3454,17356
3454,17357
3454,17358
3454,17359
3454,17360
3454,17361
3454,17362
3454,17363
3454,17364
3454,17365
3454,17366
3454,17367
3454,17368
3455,17226
3455,17227
3455,17228
3455,17229
3455,17230
3455,17231
3455,17232
3455,17233
3455,17234
3455,17235
3455,17236
3455,17237
3455,17238
3455,17239
3455,17240
3455,17241
3455,17242
3455,17243
3455,17244
3455,17245
3455,17246
3455,17247
3455,17248
3455,17249
3455,17250
3455,17251
3455,17252
3455,17253
3455,17254
3455,17255
3455,17256
3455,17257
3455,17258
3455,17259
3455,17260
3455,17261
3455,17262
3455,17263
3455,17264
3455,17265
3455,17266
3455,17267
3455,17268
3455,17269
3455,17270
3455,17271
3455,17272
3455,17273
3455,17274
3455,17275
3455,17276
3455,17277
3455,17278
3455,17279
3455,17280
3455,17281
3455,17282
3455,17283
3455,17284
3455,17285
3455,17286
3455,17287
3455,17288
3455,17289
3455,17290
3455,17291
3455,17292
3455,17293
3455,17294
3455,17295
3455,17296
3455,17297
3455,17298
3455,17299
3455,17300
3455,17301
3455,17302
3455,17303
3455,17304
3455,17305
3455,17306
3455,17307
3455,17308
3455,17309
3455,17310
3455,17311
3455,17312
3455,17313
3455,17314
3455,17315
3455,17316
3455,17317
3455,17318
3455,17319
3455,17320
3455,17321
3455,17322
3455,17323
3455,17324
3455,17325
3455,17326
3455,17327
3455,17328
3455,17329
3455,17330
3455,17331
3455,17332
3455,17333
3455,17334
3455,17335
3455,17336
3455,17337
3455,17338
3455,17339
3455,17340
3455,17341
3455,17342
3455,17343
3455,17344
3455,17345
3455,17346
3455,17347
3455,17348
3455,17349
3455,17350
3455,17351
3455,17352
3455,17353
3455,17354
3455,17355
3455,17356
3455,17357
3455,17358
3455,17359
3455,17360
3455,17361
3455,17362
3455,17363
3455,17364
3455,17365
3455,17366
3455,17367
3455,17368
3456,17227
3456,17228
3456,17229
3456,17230
3456,17231
3456,17232
3456,17233
3456,17234
3456,17235
3456,17236
3456,17237
3456,17238
3456,17239
3456,17240
3456,17241
3456,17242
3456,17243
3456,17244
3456,17245
3456,17246
3456,17247
3456,17248
3456,17249
3456,17250
3456,17251
3456,17252
3456,17253
3456,17254
3456,17255
3456,17256
3456,17257
3456,17258
3456,17259
3456,17260
3456,17261
3456,17262
3456,17263
3456,17264
3456,17265
3456,17266
3456,17267
3456,17268
3456,17269
3456,17270
3456,17271
3456,17272
3456,17273
3456,17274
3456,17275
3456,17276
3456,17277
3456,17278
3456,17279
3456,17280
3456,17281
3456,17282
3456,17283
3456,17284
3456,17285
3456,17286
3456,17287
3456,17288
3456,17289
3456,17290
3456,17291
3456,17292
3456,17293
3456,17294
3456,17295
3456,17296
3456,17297
3456,17298
3456,17299
3456,17300
3456,17301
3456,17302
3456,17303
3456,17304
3456,17305
3456,17306
3456,17307
3456,17308
3456,17309
3456,17310
3456,17311
3456,17312
3456,17313
3456,17314
3456,17315
3456,17316
3456,17317
3456,17318
3456,17319
3456,17320
3456,17321
3456,17322
3456,17323
3456,17324
3456,17325
3456,17326
3456,17327
3456,17328
3456,17329
3456,17330
3456,17331
3456,17332
3456,17333
3456,17334
3456,17335
3456,17336
3456,17337
3456,17338
3456,17339
3456,17340
3456,17341
3456,17342
3456,17343
3456,17344
3456,17345
3456,17346
3456,17347
3456,17348
3456,17349
3456,17350
3456,17351
3456,17352
3456,17353
3456,17354
3456,17355
3456,17356
3456,17358
3456,17359
3456,17360
3456,17361
3456,17362
3456,17363
3456,17364
3456,17365
3456,17366
3456,17367
3457,17227
3457,17228
3457,17229
3457,17230
3457,17231
3457,17232
3457,17233
3457,17234
3457,17235
3457,17236
3457,17237
3457,17238
3457,17239
3457,17240
3457,17241
3457,17242
3457,17243
3457,17244
3457,17245
3457,17246
3457,17247
3457,17248
3457,17249
3457,17250
3457,17251
3457,17252
3457,17253
3457,17254
3457,17255
3457,17256
3457,17257
3457,17258
3457,17259
3457,17260
3457,17261
3457,17262
3457,17263
3457,17264
3457,17265
3457,17266
3457,17267
3457,17268
3457,17269
3457,17270
3457,17271
3457,17272
3457,17273
3457,17274
3457,17275
3457,17276
3457,17277
3457,17278
3457,17279
3457,17280
3457,17281
3457,17282
3457,17283
3457,17284
3457,17285
3457,17286
3457,17287
3457,17288
3457,17289
3457,17290
3457,17291
3457,17292
3457,17293
3457,17294
3457,17295
3457,17296
3457,17297
3457,17298
3457,17299
3457,17300
3457,17301
3457,17302
3457,17303
3457,17304
3457,17305
3457,17306
3457,17307
3457,17308
3457,17309
3457,17310
3457,17311
3457,17312
3457,17313
3457,17314
3457,17315
3457,17316
3457,17317
3457,17318
3457,17319
3457,17320
3457,17321
3457,17322
3457,17323
3457,17324
3457,17325
3457,17326
3457,17327
3457,17328
3457,17329
3457,17330
3457,17331
3457,17332
3457,17333
3457,17334
3457,17335
3457,17336
3457,17337
3457,17338
3457,17339
3457,17340
3457,17341
3457,17342
3457,17343
3457,17344
3457,17345
3457,17346
3457,17347
3457,17348
3457,17349
3457,17350
3457,17351
3457,17352
3457,17353
3457,17354
3457,17359
3457,17360
3457,17361
3457,17362
3457,17363
3457,17364
3457,17365
3457,17366
3458,17227
3458,17228
3458,17229
3458,17230
3458,17231
3458,17232
3458,17233
3458,17234
3458,17235
3458,17236
3458,17237
3458,17238
3458,17239
3458,17240
3458,17241
3458,17242
3458,17243
3458,17244
3458,17245
3458,17246
3458,17247
3458,17248
3458,17249
3458,17250
3458,17251
3458,17252
3458,17253
3458,17254
3458,17255
3458,17256
3458,17257
3458,17258
3458,17259
3458,17260
3458,17261
3458,17262
3458,17263
3458,17264
3458,17265
3458,17266
3458,17267
3458,17268
3458,17269
3458,17270
3458,17271
3458,17272
3458,17273
3458,17274
3458,17275
3458,17276
3458,17277
3458,17278
3458,17279
3458,17280
3458,17281
3458,17282
3458,17283
3458,17284
3458,17285
3458,17286
3458,17287
3458,17288
3458,17289
3458,17290
3458,17291
3458,17292
3458,17293
3458,17294
3458,17295
3458,17296
3458,17297
3458,17298
3458,17299
3458,17300
3458,17301
3458,17302
3458,17303
3458,17304
3458,17305
3458,17306
3458,17307
3458,17308
3458,17309
3458,17310
3458,17311
3458,17312
3458,17313
3458,17314
3458,17315
3458,17316
3458,17317
3458,17318
3458,17319
3458,17320
3458,17321
3458,17322
3458,17323
3458,17324
3458,17325
3458,17326
3458,17327
3458,17328
3458,17329
3458,17330
3458,17331
3458,17332
3458,17333
3458,17334
3458,17335
3458,17336
3458,17337
3458,17338
3458,17339
3458,17340
3458,17341
3458,17342
3458,17343
3458,17344
3458,17345
3458,17346
3458,17347
3458,17348
3458,17349
3458,17350
3458,17351
3458,17352
3458,17353
3458,17354
3458,17362
3458,17364
3459,17226
3459,17227
3459,17228
3459,17229
3459,17230
3459,17231
3459,17232
3459,17233
3459,17234
3459,17235
3459,17236
3459,17237
3459,17238
3459,17239
3459,17240
3459,17241
3459,17242
3459,17243
3459,17244
3459,17245
3459,17246
3459,17247
3459,17248
3459,17249
3459,17250
3459,17251
3459,17252
3459,17253
3459,17254
3459,17255
3459,17256
3459,17257
3459,17258
3459,17259
3459,17260
3459,17261
3459,17262
3459,17263
3459,17264
3459,17265
3459,17266
3459,17267
3459,17268
3459,17269
3459,17270
3459,17271
3459,17272
3459,17273
3459,17274
3459,17275
3459,17276
3459,17277
3459,17278
3459,17279
3459,17280
3459,17281
3459,17282
3459,17283
3459,17284
3459,17285
3459,17286
3459,17287
3459,17288
3459,17289
3459,17290
3459,17291
3459,17292
3459,17293
3459,17294
3459,17295
3459,17296
3459,17297
3459,17298
3459,17299
3459,17300
3459,17301
3459,17302
3459,17303
3459,17304
3459,17305
3459,17306
3459,17307
3459,17308
3459,17309
3459,17310
3459,17311
3459,17312
3459,17313
3459,17314
3459,17315
3459,17316
3459,17317
3459,17318
3459,17319
3459,17320
3459,17321
3459,17322
3459,17323
3459,17324
3459,17325
3459,17326
3459,17327
3459,17328
3459,17329
3459,17330
3459,17331
3459,17332
3459,17333
3459,17334
3459,17335
3459,17336
3459,17337
3459,17338
3459,17339
3459,17340
3459,17341
3459,17342
3459,17343
3459,17344
3459,17345
3459,17346
3459,17347
3459,17348
3459,17349
3459,17350
3459,17351
3459,17352
3459,17353
3459,17354
3460,17227
3460,17228
3460,17229
3460,17230
3460,17231
3460,17232
3460,17233
3460,17234
3460,17235
3460,17236
3460,17237
3460,17238
3460,17239
3460,17240
3460,17241
3460,17242
3460,17243
3460,17244
3460,17245
3460,17246
3460,17247
3460,17248
3460,17249
3460,17250
3460,17251
3460,17252
3460,17253
3460,17254
3460,17255
3460,17256
3460,17257
3460,17258
3460,17259
3460,17260
3460,17261
3460,17262
3460,17263
3460,17264
3460,17265
3460,17266
3460,17267
3460,17268
3460,17269
3460,17270
3460,17271
3460,17272
3460,17273
3460,17274
3460,17275
3460,17276
3460,17277
3460,17278
3460,17279
3460,17280
3460,17281
3460,17282
3460,17283
3460,17284
3460,17285
3460,17286
3460,17287
3460,17288
3460,17289
3460,17290
3460,17291
3460,17292
3460,17293
3460,17294
3460,17295
3460,17296
3460,17297
3460,17298
3460,17299
3460,17300
3460,17301
3460,17302
3460,17303
3460,17304
3460,17305
3460,17306
3460,17307
3460,17308
3460,17309
3460,17310
3460,17311
3460,17312
3460,17313
3460,17314
3460,17315
3460,17316
3460,17317
3460,17318
3460,17319
3460,17320
3460,17321
3460,17322
3460,17323
3460,17324
3460,17325
3460,17326
3460,17327
3460,17328
3460,17329
3460,17330
3460,17331
3460,17332
3460,17333
3460,17334
3460,17335
3460,17336
3460,17337
3460,17338
3460,17339
3460,17340
3460,17341
3460,17342
3460,17343
3460,17344
3460,17345
3460,17346
3460,17347
3460,17348
3460,17349
3460,17350
3460,17351
3460,17352
3460,17353
3461,17227
3461,17228
3461,17229
3461,17230
3461,17231
3461,17232
3461,17233
3461,17234
3461,17235
3461,17236
3461,17237
3461,17238
3461,17239
3461,17240
3461,17241
3461,17242
3461,17243
3461,17244
3461,17245
3461,17246
3461,17247
3461,17248
3461,17249
3461,17250
3461,17251
3461,17252
3461,17253
3461,17254
3461,17255
3461,17256
3461,17257
3461,17258
3461,17259
3461,17260
3461,17261
3461,17262
3461,17263
3461,17264
3461,17265
3461,17266
3461,17267
3461,17268
3461,17269
3461,17270
3461,17271
3461,17272
3461,17273
3461,17274
3461,17275
3461,17276
3461,17277
3461,17278
3461,17279
3461,17280
3461,17281
3461,17282
3461,17283
3461,17284
3461,17285
3461,17286
3461,17287
3461,17288
3461,17289
3461,17290
3461,17291
3461,17292
3461,17293
3461,17294
3461,17295
3461,17296
3461,17297
3461,17298
3461,17299
3461,17300
3461,17301
3461,17302
3461,17303
3461,17304
3461,17305
3461,17306
3461,17307
3461,17308
3461,17309
3461,17310
3461,17311
3461,17312
3461,17313
3461,17314
3461,17315
3461,17316
3461,17317
3461,17318
3461,17319
3461,17320
3461,17321
3461,17322
3461,17323
3461,17324
3461,17325
3461,17326
3461,17327
3461,17328
3461,17329
3461,17330
3461,17331
3461,17332
3461,17333
3461,17334
3461,17335
3461,17336
3461,17337
3461,17338
3461,17339
3461,17340
3461,17341
3461,17342
3461,17343
3461,17344
3461,17345
3461,17346
3461,17347
3461,17348
3461,17349
3461,17350
3461,17351
3461,17352
3461,17353
3461,17354
3462,17226
3462,17227
3462,17228
3462,17229
3462,17230
3462,17231
3462,17232
3462,17233
3462,17234
3462,17235
3462,17236
3462,17237
3462,17238
3462,17239
3462,17240
3462,17241
3462,17242
3462,17243
3462,17244
3462,17245
3462,17246
3462,17247
3462,17248
3462,17249
3462,17250
3462,17251
3462,17252
3462,17253
3462,17254
3462,17255
3462,17256
3462,17257
3462,17258
3462,17259
3462,17260
3462,17261
3462,17262
3462,17263
3462,17264
3462,17265
3462,17266
3462,17267
3462,17268
3462,17269
3462,17270
3462,17271
3462,17272
3462,17273
3462,17274
3462,17275
3462,17276
3462,17277
3462,17278
3462,17279
3462,17280
3462,17281
3462,17282
3462,17283
3462,17284
3462,17285
3462,17286
3462,17287
3462,17288
3462,17289
3462,17290
3462,17291
3462,17292
3462,17293
3462,17294
3462,17295
3462,17296
3462,17297
3462,17298
3462,17299
3462,17300
3462,17301
3462,17302
3462,17303
3462,17304
3462,17305
3462,17306
3462,17307
3462,17308
3462,17309
3462,17310
3462,17311
3462,17312
3462,17313
3462,17314
3462,17315
3462,17316
3462,17317
3462,17318
3462,17319
3462,17320
3462,17321
3462,17322
3462,17323
3462,17324
3462,17325
3462,17326
3462,17327
3462,17328
3462,17329
3462,17330
3462,17331
3462,17332
3462,17333
3462,17334
3462,17335
3462,17336
3462,17337
3462,17338
3462,17339
3462,17340
3462,17341
3462,17342
3462,17343
3462,17344
3462,17345
3462,17346
3462,17347
3462,17348
3462,17349
3462,17350
3462,17351
3462,17352
3462,17353
3462,17354
3463,17227
3463,17228
3463,17229
3463,17230
3463,17231
3463,17232
3463,17233
3463,17234
3463,17235
3463,17236
3463,17237
3463,17238
3463,17239
3463,17240
3463,17241
3463,17242
3463,17243
3463,17244
3463,17245
3463,17246
3463,17247
3463,17248
3463,17249
3463,17250
3463,17251
3463,17252
3463,17253
3463,17254
3463,17255
3463,17256
3463,17257
3463,17258
3463,17259
3463,17260
3463,17261
3463,17262
3463,17263
3463,17264
3463,17265
3463,17266
3463,17267
3463,17268
3463,17269
3463,17270
3463,17271
3463,17272
3463,17273
3463,17274
3463,17275
3463,17276
3463,17277
3463,17278
3463,17279
3463,17280
3463,17281
3463,17282
3463,17283
3463,17284
3463,17285
3463,17286
3463,17287
3463,17288
3463,17289
3463,17290
3463,17291
3463,17292
3463,17293
3463,17294
3463,17295
3463,17296
3463,17297
3463,17298
3463,17299
3463,17300
3463,17301
3463,17302
3463,17303
3463,17304
3463,17305
3463,17306
3463,17307
3463,17308
3463,17309
3463,17310
3463,17311
3463,17312
3463,17313
3463,17314
3463,17315
3463,17316
3463,17317
3463,17318
3463,17319
3463,17320
3463,17321
3463,17322
3463,17323
3463,17324
3463,17325
3463,17326
3463,17327
3463,17328
3463,17329
3463,17330
3463,17331
3463,17332
3463,17333
3463,17334
3463,17335
3463,17336
3463,17337
3463,17338
3463,17339
3463,17340
3463,17341
3463,17342
3463,17343
3463,17344
3463,17345
3463,17346
3463,17347
3463,17348
3463,17349
3463,17350
3463,17351
3463,17352
3463,17353
3463,17354
3463,17355
3463,17356
3463,17357
3464,17227
3464,17228
3464,17229
3464,17230
3464,17231
3464,17232
3464,17233
3464,17234
3464,17235
3464,17236
3464,17237
3464,17238
3464,17239
3464,17240
3464,17241
3464,17242
3464,17243
3464,17244
3464,17245
3464,17246
3464,17247
3464,17248
3464,17249
3464,17250
3464,17251
3464,17252
3464,17253
3464,17254
3464,17255
3464,17256
3464,17257
3464,17258
3464,17259
3464,17260
3464,17261
3464,17262
3464,17263
3464,17264
3464,17265
3464,17266
3464,17267
3464,17268
3464,17269
3464,17270
3464,17271
3464,17272
3464,17273
3464,17274
3464,17275
3464,17276
3464,17277
3464,17278
3464,17279
3464,17280
3464,17281
3464,17282
3464,17283
3464,17284
3464,17285
3464,17286
3464,17287
3464,17288
3464,17289
3464,17290
3464,17291
3464,17292
3464,17293
3464,17294
3464,17295
3464,17296
3464,17297
3464,17298
3464,17299
3464,17300
3464,17301
3464,17302
3464,17303
3464,17304
3464,17305
3464,17306
3464,17307
3464,17308
3464,17309
3464,17310
3464,17311
3464,17312
3464,17313
3464,17314
3464,17315
3464,17316
3464,17317
3464,17318
3464,17319
3464,17320
3464,17321
3464,17322
3464,17323
3464,17324
3464,17325
3464,17326
3464,17327
3464,17328
3464,17329
3464,17330
3464,17331
3464,17332
3464,17333
3464,17334
3464,17335
3464,17336
3464,17337
3464,17338
3464,17339
3464,17340
3464,17341
3464,17342
3464,17343
3464,17344
3464,17345
3464,17346
3464,17347
3464,17348
3464,17349
3464,17350
3464,17351
3464,17352
3464,17353
3464,17354
3464,17355
3464,17356
3464,17357
3464,17358
3464,17359
3464,17360
3464,17361
3465,17227
3465,17228
3465,17229
3465,17230
3465,17231
3465,17232
3465,17233
3465,17234
3465,17235
3465,17236
3465,17237
3465,17238
3465,17239
3465,17240
3465,17241
3465,17242
3465,17243
3465,17244
3465,17245
3465,17246
3465,17247
3465,17248
3465,17249
3465,17250
3465,17251
3465,17252
3465,17253
3465,17254
3465,17255
3465,17256
3465,17257
3465,17258
3465,17259
3465,17260
3465,17261
3465,17262
3465,17263
3465,17264
3465,17265
3465,17266
3465,17267
3465,17268
3465,17269
3465,17270
3465,17271
3465,17272
3465,17273
3465,17274
3465,17275
3465,17276
3465,17277
3465,17278
3465,17279
3465,17280
3465,17281
3465,17282
3465,17283
3465,17284
3465,17285
3465,17286
3465,17287
3465,17288
3465,17289
3465,17290
3465,17291
3465,17292
3465,17293
3465,17294
3465,17295
3465,17296
3465,17297
3465,17298
3465,17299
3465,17300
3465,17301
3465,17302
3465,17303
3465,17304
3465,17305
3465,17306
3465,17307
3465,17308
3465,17309
3465,17310
3465,17311
3465,17312
3465,17313
3465,17314
3465,17315
3465,17316
3465,17317
3465,17318
3465,17319
3465,17320
3465,17321
3465,17322
3465,17323
3465,17324
3465,17325
3465,17326
3465,17327
3465,17328
3465,17329
3465,17330
3465,17331
3465,17332
3465,17333
3465,17334
3465,17335
3465,17336
3465,17337
3465,17338
3465,17339
3465,17340
3465,17341
3465,17342
3465,17343
3465,17344
3465,17345
3465,17346
3465,17347
3465,17348
3465,17349
3465,17350
3465,17351
3465,17352
3465,17353
3465,17354
3465,17355
3465,17356
3465,17357
3465,17358
3465,17359
3465,17360
3465,17361
3465,17362
3465,17363
3466,17228
3466,17229
3466,17230
3466,17231
3466,17232
3466,17233
3466,17234
3466,17235
3466,17236
3466,17237
3466,17238
3466,17239
3466,17240
3466,17241
3466,17242
3466,17243
3466,17244
3466,17245
3466,17246
3466,17247
3466,17248
3466,17249
3466,17250
3466,17251
3466,17252
3466,17253
3466,17254
3466,17255
3466,17256
3466,17257
3466,17258
3466,17259
3466,17260
3466,17261
3466,17262
3466,17263
3466,17264
3466,17265
3466,17266
3466,17267
3466,17268
3466,17269
3466,17270
3466,17271
3466,17272
3466,17273
3466,17274
3466,17275
3466,17276
3466,17277
3466,17278
3466,17279
3466,17280
3466,17281
3466,17282
3466,17283
3466,17284
3466,17285
3466,17286
3466,17287
3466,17288
3466,17289
3466,17290
3466,17291
3466,17292
3466,17293
3466,17294
3466,17295
3466,17296
3466,17297
3466,17298
3466,17299
3466,17300
3466,17301
3466,17302
3466,17303
3466,17304
3466,17305
3466,17306
3466,17307
3466,17308
3466,17309
3466,17310
3466,17311
3466,17312
3466,17313
3466,17314
3466,17315
3466,17316
3466,17317
3466,17318
3466,17319
3466,17320
3466,17321
3466,17322
3466,17323
3466,17324
3466,17325
3466,17326
3466,17327
3466,17328
3466,17329
3466,17330
3466,17331
3466,17332
3466,17333
3466,17334
3466,17335
3466,17336
3466,17337
3466,17338
3466,17339
3466,17340
3466,17341
3466,17342
3466,17343
3466,17344
3466,17345
3466,17346
3466,17347
3466,17348
3466,17349
3466,17350
3466,17351
3466,17352
3466,17353
3466,17354
3466,17355
3466,17356
3466,17357
3466,17358
3466,17359
3466,17360
3466,17361
3466,17362
3466,17363
3466,17364
3467,17229
3467,17230
3467,17231
3467,17232
3467,17233
3467,17234
3467,17235
3467,17236
3467,17237
3467,17238
3467,17239
3467,17240
3467,17241
3467,17242
3467,17243
3467,17244
3467,17245
3467,17246
3467,17247
3467,17248
3467,17249
3467,17250
3467,17251
3467,17252
3467,17253
3467,17254
3467,17255
3467,17256
3467,17257
3467,17258
3467,17259
3467,17260
3467,17261
3467,17262
3467,17263
3467,17264
3467,17265
3467,17266
3467,17267
3467,17268
3467,17269
3467,17270
3467,17271
3467,17272
3467,17273
3467,17274
3467,17275
3467,17276
3467,17277
3467,17278
3467,17279
3467,17280
3467,17281
3467,17282
3467,17283
3467,17284
3467,17285
3467,17286
3467,17287
3467,17288
3467,17289
3467,17290
3467,17291
3467,17292
3467,17293
3467,17294
3467,17295
3467,17296
3467,17297
3467,17298
3467,17299
3467,17300
3467,17301
3467,17302
3467,17303
3467,17304
3467,17305
3467,17306
3467,17307
3467,17308
3467,17309
3467,17310
3467,17311
3467,17312
3467,17313
3467,17314
3467,17315
3467,17316
3467,17317
3467,17318
3467,17319
3467,17320
3467,17321
3467,17322
3467,17323
3467,17324
3467,17325
3467,17326
3467,17327
3467,17328
3467,17329
3467,17330
3467,17331
3467,17332
3467,17333
3467,17334
3467,17335
3467,17336
3467,17337
3467,17338
3467,17339
3467,17340
3467,17341
3467,17342
3467,17343
3467,17344
3467,17345
3467,17346
3467,17347
3467,17348
3467,17349
3467,17350
3467,17351
3467,17352
3467,17353
3467,17354
3467,17355
3467,17356
3467,17357
3467,17358
3467,17359
3467,17360
3467,17361
3467,17362
3467,17363
3467,17364
3467,17365
3468,17230
3468,17231
3468,17232
3468,17233
3468,17234
3468,17235
3468,17236
3468,17237
3468,17238
3468,17239
3468,17240
3468,17241
3468,17242
3468,17243
3468,17244
3468,17245
3468,17246
3468,17247
3468,17248
3468,17249
3468,17250
3468,17251
3468,17252
3468,17253
3468,17254
3468,17255
3468,17256
3468,17257
3468,17258
3468,17259
3468,17260
3468,17261
3468,17262
3468,17263
3468,17264
3468,17265
3468,17266
3468,17267
3468,17268
3468,17269
3468,17270
3468,17271
3468,17272
3468,17273
3468,17274
3468,17275
3468,17276
3468,17277
3468,17278
3468,17279
3468,17280
3468,17281
3468,17282
3468,17283
3468,17284
3468,17285
3468,17286
3468,17287
3468,17288
3468,17289
3468,17290
3468,17291
3468,17292
3468,17293
3468,17294
3468,17295
3468,17296
3468,17297
3468,17298
3468,17299
3468,17300
3468,17301
3468,17302
3468,17303
3468,17304
3468,17305
3468,17306
3468,17307
3468,17308
3468,17309
3468,17310
3468,17311
3468,17312
3468,17313
3468,17314
3468,17315
3468,17316
3468,17317
3468,17318
3468,17319
3468,17320
3468,17321
3468,17322
3468,17323
3468,17324
3468,17325
3468,17326
3468,17327
3468,17328
3468,17329
3468,17330
3468,17331
3468,17332
3468,17333
3468,17334
3468,17335
3468,17336
3468,17337
3468,17338
3468,17339
3468,17340
3468,17341
3468,17342
3468,17343
3468,17344
3468,17345
3468,17346
3468,17347
3468,17348
3468,17349
3468,17350
3468,17351
3468,17352
3468,17353
3468,17354
3468,17355
3468,17356
3468,17357
3468,17358
3468,17359
3468,17360
3468,17361
3468,17362
3468,17363
3468,17364
3468,17365
3469,17232
3469,17233
3469,17234
3469,17235
3469,17236
3469,17237
3469,17238
3469,17239
3469,17240
3469,17241
3469,17242
3469,17243
3469,17244
3469,17245
3469,17246
3469,17247
3469,17248
3469,17249
3469,17250
3469,17251
3469,17252
3469,17253
3469,17254
3469,17255
3469,17256
3469,17257
3469,17258
3469,17259
3469,17260
3469,17261
3469,17262
3469,17263
3469,17264
3469,17265
3469,17266
3469,17267
3469,17268
3469,17269
3469,17270
3469,17271
3469,17272
3469,17273
3469,17274
3469,17275
3469,17276
3469,17277
3469,17278
3469,17279
3469,17280
3469,17281
3469,17282
3469,17283
3469,17284
3469,17285
3469,17286
3469,17287
3469,17288
3469,17289
3469,17290
3469,17291
3469,17292
3469,17293
3469,17294
3469,17295
3469,17296
3469,17297
3469,17298
3469,17299
3469,17300
3469,17301
3469,17302
3469,17303
3469,17304
3469,17305
3469,17306
3469,17307
3469,17308
3469,17309
3469,17310
3469,17311
3469,17312
3469,17313
3469,17314
3469,17315
3469,17316
3469,17317
3469,17318
3469,17319
3469,17320
3469,17321
3469,17322
3469,17323
3469,17324
3469,17325
3469,17326
3469,17327
3469,17328
3469,17329
3469,17330
3469,17331
3469,17332
3469,17333
3469,17334
3469,17335
3469,17336
3469,17337
3469,17338
3469,17339
3469,17340
3469,17341
3469,17342
3469,17343
3469,17344
3469,17345
3469,17346
3469,17347
3469,17348
3469,17349
3469,17350
3469,17351
3469,17352
3469,17353
3469,17354
3469,17355
3469,17356
3469,17357
3469,17358
3469,17359
3469,17360
3469,17361
3469,17362
3469,17363
3469,17364
3469,17365
3469,17366
3470,17232
3470,17233
3470,17234
3470,17235
3470,17236
3470,17237
3470,17238
3470,17239
3470,17240
3470,17241
3470,17242
3470,17243
3470,17244
3470,17245
3470,17246
3470,17247
3470,17248
3470,17249
3470,17250
3470,17251
3470,17252
3470,17253
3470,17254
3470,17255
3470,17256
3470,17257
3470,17258
3470,17259
3470,17260
3470,17261
3470,17262
3470,17263
3470,17264
3470,17265
3470,17266
3470,17267
3470,17268
3470,17269
3470,17270
3470,17271
3470,17272
3470,17273
3470,17274
3470,17275
3470,17276
3470,17277
3470,17278
3470,17279
3470,17280
3470,17281
3470,17282
3470,17283
3470,17284
3470,17285
3470,17286
3470,17287
3470,17288
3470,17289
3470,17290
3470,17291
3470,17292
3470,17293
3470,17294
3470,17295
3470,17296
3470,17297
3470,17298
3470,17299
3470,17300
3470,17301
3470,17302
3470,17303
3470,17304
3470,17305
3470,17306
3470,17307
3470,17308
3470,17309
3470,17310
3470,17311
3470,17312
3470,17313
3470,17314
3470,17315
3470,17316
3470,17317
3470,17318
3470,17319
3470,17320
3470,17321
3470,17322
3470,17323
3470,17324
3470,17325
3470,17326
3470,17327
3470,17328
3470,17329
3470,17330
3470,17331
3470,17332
3470,17333
3470,17334
3470,17335
3470,17336
3470,17337
3470,17338
3470,17339
3470,17340
3470,17341
3470,17342
3470,17343
3470,17344
3470,17345
3470,17346
3470,17347
3470,17348
3470,17349
3470,17350
3470,17351
3470,17352
3470,17353
3470,17354
3470,17355
3470,17356
3470,17357
3470,17358
3470,17359
3470,17360
3470,17361
3470,17362
3470,17363
3470,17364
3470,17365
3470,17366
3470,17367
3470,17368
3471,17233
3471,17234
3471,17235
3471,17236
3471,17237
3471,17238
3471,17239
3471,17240
3471,17241
3471,17242
3471,17243
3471,17244
3471,17245
3471,17246
3471,17247
3471,17248
3471,17249
3471,17250
3471,17251
3471,17252
3471,17253
3471,17254
3471,17255
3471,17256
3471,17257
3471,17258
3471,17259
3471,17260
3471,17261
3471,17262
3471,17263
3471,17264
3471,17265
3471,17266
3471,17267
3471,17268
3471,17269
3471,17270
3471,17271
3471,17272
3471,17273
3471,17274
3471,17275
3471,17276
3471,17277
3471,17278
3471,17279
3471,17280
3471,17281
3471,17282
3471,17283
3471,17284
3471,17285
3471,17286
3471,17287
3471,17288
3471,17289
3471,17290
3471,17291
3471,17292
3471,17293
3471,17294
3471,17295
3471,17296
3471,17297
3471,17298
3471,17299
3471,17300
3471,17301
3471,17302
3471,17303
3471,17304
3471,17305
3471,17306
3471,17307
3471,17308
3471,17309
3471,17310
3471,17311
3471,17312
3471,17313
3471,17314
3471,17315
3471,17316
3471,17317
3471,17318
3471,17319
3471,17320
3471,17321
3471,17322
3471,17323
3471,17324
3471,17325
3471,17326
3471,17327
3471,17328
3471,17329
3471,17330
3471,17331
3471,17332
3471,17333
3471,17334
3471,17335
3471,17336
3471,17337
3471,17338
3471,17339
3471,17340
3471,17341
3471,17342
3471,17343
3471,17344
3471,17345
3471,17346
3471,17347
3471,17348
3471,17349
3471,17350
3471,17351
3471,17352
3471,17353
3471,17354
3471,17355
3471,17356
3471,17357
3471,17358
3471,17359
3471,17360
3471,17361
3471,17362
3471,17363
3471,17364
3471,17365
3471,17366
3471,17367
3471,17368
3471,17369
3471,17370
3472,17232
3472,17233
3472,17234
3472,17235
3472,17236
3472,17237
3472,17238
3472,17239
3472,17240
3472,17241
3472,17242
3472,17243
3472,17244
3472,17245
3472,17246
3472,17247
3472,17248
3472,17249
3472,17250
3472,17251
3472,17252
3472,17253
3472,17254
3472,17255
3472,17256
3472,17257
3472,17258
3472,17259
3472,17260
3472,17261
3472,17262
3472,17263
3472,17264
3472,17265
3472,17266
3472,17267
3472,17268
3472,17269
3472,17270
3472,17271
3472,17272
3472,17273
3472,17274
3472,17275
3472,17276
3472,17277
3472,17278
3472,17279
3472,17280
3472,17281
3472,17282
3472,17283
3472,17284
3472,17285
3472,17286
3472,17287
3472,17288
3472,17289
3472,17290
3472,17291
3472,17292
3472,17293
3472,17294
3472,17295
3472,17296
3472,17297
3472,17298
3472,17299
3472,17300
3472,17301
3472,17302
3472,17303
3472,17304
3472,17305
3472,17306
3472,17307
3472,17308
3472,17309
3472,17310
3472,17311
3472,17312
3472,17313
3472,17314
3472,17315
3472,17316
3472,17317
3472,17318
3472,17319
3472,17320
3472,17321
3472,17322
3472,17323
3472,17324
3472,17325
3472,17328
3472,17329
3472,17330
3472,17331
3472,17332
3472,17333
3472,17334
3472,17335
3472,17336
3472,17337
3472,17338
3472,17339
3472,17340
3472,17341
3472,17342
3472,17343
3472,17344
3472,17345
3472,17346
3472,17347
3472,17348
3472,17349
3472,17350
3472,17351
3472,17352
3472,17353
3472,17354
3472,17355
3472,17356
3472,17357
3472,17358
3472,17359
3472,17360
3472,17361
3472,17362
3472,17363
3472,17364
3472,17365
3472,17366
3472,17367
3472,17368
3472,17369
3472,17370
3472,17371
3472,17372
3473,17232
3473,17233
3473,17234
3473,17235
3473,17236
3473,17237
3473,17238
3473,17239
3473,17240
3473,17241
3473,17242
3473,17243
3473,17244
3473,17245
3473,17246
3473,17247
3473,17248
3473,17249
3473,17250
3473,17251
3473,17252
3473,17253
3473,17254
3473,17255
3473,17256
3473,17257
3473,17258
3473,17259
3473,17260
3473,17261
3473,17262
3473,17263
3473,17264
3473,17265
3473,17266
3473,17267
3473,17268
3473,17269
3473,17270
3473,17271
3473,17272
3473,17273
3473,17274
3473,17275
3473,17276
3473,17277
3473,17278
3473,17279
3473,17280
3473,17281
3473,17282
3473,17283
3473,17284
3473,17285
3473,17286
3473,17287
3473,17288
3473,17289
3473,17290
3473,17291
3473,17292
3473,17293
3473,17294
3473,17295
3473,17296
3473,17297
3473,17298
3473,17299
3473,17300
3473,17301
3473,17302
3473,17303
3473,17304
3473,17305
3473,17306
3473,17307
3473,17308
3473,17309
3473,17310
3473,17311
3473,17312
3473,17313
3473,17314
3473,17315
3473,17316
3473,17317
3473,17318
3473,17319
3473,17320
3473,17321
3473,17322
3473,17323
3473,17324
3473,17330
3473,17331
3473,17332
3473,17333
3473,17334
3473,17335
3473,17336
3473,17337
3473,17338
3473,17339
3473,17340
3473,17341
3473,17342
3473,17343
3473,17344
3473,17345
3473,17346
3473,17347
3473,17348
3473,17349
3473,17350
3473,17351
3473,17352
3473,17353
3473,17354
3473,17355
3473,17356
3473,17357
3473,17358
3473,17359
3473,17360
3473,17361
3473,17362
3473,17363
3473,17364
3473,17365
3473,17366
3473,17367
3473,17368
3473,17369
3473,17370
3473,17371
3473,17372
3473,17373
3474,17232
3474,17233
3474,17234
3474,17235
3474,17236
3474,17237
3474,17238
3474,17239
3474,17240
3474,17241
3474,17242
3474,17243
3474,17244
3474,17245
3474,17246
3474,17247
3474,17248
3474,17249
3474,17250
3474,17251
3474,17252
3474,17253
3474,17254
3474,17255
3474,17256
3474,17257
3474,17258
3474,17259
3474,17260
3474,17261
3474,17262
3474,17263
3474,17264
3474,17265
3474,17266
3474,17267
3474,17268
3474,17269
3474,17270
3474,17271
3474,17272
3474,17273
3474,17274
3474,17275
3474,17276
3474,17277
3474,17278
3474,17279
3474,17280
3474,17281
3474,17282
3474,17283
3474,17284
3474,17285
3474,17286
3474,17287
3474,17288
3474,17289
3474,17290
3474,17291
3474,17292
3474,17293
3474,17294
3474,17295
3474,17296
3474,17297
3474,17298
3474,17299
3474,17300
3474,17301
3474,17302
3474,17303
3474,17304
3474,17305
3474,17306
3474,17307
3474,17308
3474,17309
3474,17310
3474,17311
3474,17312
3474,17313
3474,17314
3474,17315
3474,17316
3474,17317
3474,17318
3474,17319
3474,17320
3474,17321
3474,17322
3474,17323
3474,17332
3474,17333
3474,17334
3474,17335
3474,17336
3474,17337
3474,17338
3474,17339
3474,17340
3474,17341
3474,17342
3474,17343
3474,17344
3474,17345
3474,17346
3474,17347
3474,17348
3474,17349
3474,17350
3474,17351
3474,17352
3474,17353
3474,17354
3474,17355
3474,17356
3474,17357
3474,17358
3474,17359
3474,17360
3474,17361
3474,17362
3474,17363
3474,17364
3474,17365
3474,17366
3474,17367
3474,17368
3474,17369
3474,17370
3474,17371
3474,17372
3474,17373
3474,17374
3475,17232
3475,17233
3475,17234
3475,17235
3475,17236
3475,17237
3475,17238
3475,17239
3475,17240
3475,17241
3475,17242
3475,17243
3475,17244
3475,17245
3475,17246
3475,17247
3475,17248
3475,17249
3475,17250
3475,17251
3475,17252
3475,17253
3475,17254
3475,17255
3475,17256
3475,17257
3475,17258
3475,17259
3475,17260
3475,17261
3475,17262
3475,17263
3475,17264
3475,17265
3475,17266
3475,17267
3475,17268
3475,17269
3475,17270
3475,17271
3475,17272
3475,17273
3475,17274
3475,17275
3475,17276
3475,17277
3475,17278
3475,17279
3475,17280
3475,17281
3475,17282
3475,17283
3475,17284
3475,17285
3475,17286
3475,17287
3475,17288
3475,17289
3475,17290
3475,17291
3475,17292
3475,17293
3475,17294
3475,17295
3475,17296
3475,17297
3475,17298
3475,17299
3475,17300
3475,17301
3475,17302
3475,17303
3475,17304
3475,17305
3475,17306
3475,17307
3475,17308
3475,17309
3475,17310
3475,17311
3475,17312
3475,17313
3475,17315
3475,17316
3475,17317
3475,17318
3475,17319
3475,17320
3475,17321
3475,17322
3475,17333
3475,17334
3475,17335
3475,17336
3475,17337
3475,17338
3475,17339
3475,17340
3475,17341
3475,17342
3475,17343
3475,17344
3475,17345
3475,17346
3475,17347
3475,17348
3475,17349
3475,17350
3475,17351
3475,17352
3475,17353
3475,17354
3475,17355
3475,17356
3475,17357
3475,17358
3475,17359
3475,17360
3475,17361
3475,17362
3475,17363
3475,17364
3475,17365
3475,17366
3475,17367
3475,17368
3475,17369
3475,17370
3475,17371
3475,17372
3475,17373
3475,17374
3475,17375
3476,17233
3476,17234
3476,17235
3476,17236
3476,17237
3476,17238
3476,17239
3476,17240
3476,17241
3476,17242
3476,17243
3476,17244
3476,17245
3476,17246
3476,17247
3476,17248
3476,17249
3476,17250
3476,17251
3476,17252
3476,17253
3476,17254
3476,17255
3476,17256
3476,17257
3476,17258
3476,17259
3476,17260
3476,17261
3476,17262
3476,17263
3476,17264
3476,17265
3476,17266
3476,17267
3476,17268
3476,17269
3476,17270
3476,17271
3476,17272
3476,17273
3476,17274
3476,17275
3476,17276
3476,17277
3476,17278
3476,17279
3476,17280
3476,17281
3476,17282
3476,17283
3476,17284
3476,17285
3476,17286
3476,17287
3476,17288
3476,17289
3476,17290
3476,17291
3476,17292
3476,17293
3476,17294
3476,17295
3476,17296
3476,17297
3476,17298
3476,17299
3476,17300
3476,17301
3476,17302
3476,17303
3476,17304
3476,17305
3476,17306
3476,17307
3476,17308
3476,17309
3476,17310
3476,17311
3476,17312
3476,17318
3476,17319
3476,17336
3476,17337
3476,17338
3476,17339
3476,17340
3476,17341
3476,17342
3476,17343
3476,17344
3476,17345
3476,17346
3476,17347
3476,17348
3476,17349
3476,17350
3476,17351
3476,17352
3476,17353
3476,17354
3476,17355
3476,17356
3476,17357
3476,17358
3476,17359
3476,17360
3476,17361
3476,17362
3476,17363
3476,17364
3476,17365
3476,17366
3476,17367
3476,17368
3476,17369
3476,17370
3476,17371
3476,17372
3476,17373
3476,17374
3476,17375
3476,17376
3477,17233
3477,17234
3477,17235
3477,17236
3477,17237
3477,17238
3477,17239
3477,17240
3477,17241
3477,17242
3477,17243
3477,17244
3477,17245
3477,17246
3477,17247
3477,17248
3477,17249
3477,17250
3477,17251
3477,17252
3477,17253
3477,17254
3477,17255
3477,17256
3477,17257
3477,17258
3477,17259
3477,17260
3477,17261
3477,17262
3477,17263
3477,17264
3477,17265
3477,17266
3477,17267
3477,17268
3477,17269
3477,17270
3477,17271
3477,17272
3477,17273
3477,17274
3477,17275
3477,17276
3477,17277
3477,17278
3477,17279
3477,17280
3477,17281
3477,17282
3477,17283
3477,17284
3477,17285
3477,17286
3477,17287
3477,17288
3477,17289
3477,17290
3477,17291
3477,17292
3477,17293
3477,17294
3477,17295
3477,17296
3477,17297
3477,17298
3477,17299
3477,17300
3477,17301
3477,17302
3477,17303
3477,17304
3477,17305
3477,17306
3477,17307
3477,17308
3477,17309
3477,17310
3477,17311
3477,17312
3477,17337
3477,17338
3477,17339
3477,17340
3477,17341
3477,17342
3477,17343
3477,17344
3477,17345
3477,17346
3477,17347
3477,17348
3477,17349
3477,17350
3477,17351
3477,17352
3477,17353
3477,17354
3477,17355
3477,17356
3477,17357
3477,17358
3477,17359
3477,17360
3477,17361
3477,17362
3477,17363
3477,17364
3477,17365
3477,17366
3477,17367
3477,17368
3477,17369
3477,17370
3477,17371
3477,17372
3477,17373
3477,17374
3477,17375
3477,17376
3478,17233
3478,17234
3478,17235
3478,17236
3478,17237
3478,17238
3478,17239
3478,17240
3478,17241
3478,17242
3478,17243
3478,17244
3478,17245
3478,17246
3478,17247
3478,17248
3478,17249
3478,17250
3478,17251
3478,17252
3478,17253
3478,17254
3478,17255
3478,17256
3478,17257
3478,17258
3478,17259
3478,17260
3478,17261
3478,17262
3478,17263
3478,17264
3478,17265
3478,17266
3478,17267
3478,17268
3478,17269
3478,17270
3478,17271
3478,17272
3478,17273
3478,17274
3478,17275
3478,17276
3478,17277
3478,17278
3478,17279
3478,17280
3478,17281
3478,17282
3478,17283
3478,17284
3478,17285
3478,17286
3478,17287
3478,17288
3478,17289
3478,17290
3478,17291
3478,17292
3478,17293
3478,17294
3478,17295
3478,17296
3478,17297
3478,17298
3478,17299
3478,17300
3478,17301
3478,17302
3478,17303
3478,17304
3478,17305
3478,17306
3478,17307
3478,17308
3478,17309
3478,17310
3478,17311
3478,17338
3478,17339
3478,17340
3478,17341
3478,17342
3478,17343
3478,17344
3478,17345
3478,17346
3478,17347
3478,17348
3478,17349
3478,17350
3478,17351
3478,17352
3478,17353
3478,17354
3478,17355
3478,17356
3478,17357
3478,17358
3478,17359
3478,17360
3478,17361
3478,17362
3478,17363
3478,17364
3478,17365
3478,17366
3478,17367
3478,17368
3478,17369
3478,17370
3478,17371
3478,17372
3478,17373
3478,17374
3478,17375
3478,17376
3479,17233
3479,17234
3479,17235
3479,17236
3479,17237
3479,17238
3479,17239
3479,17240
3479,17241
3479,17242
3479,17243
3479,17244
3479,17245
3479,17246
3479,17247
3479,17248
3479,17249
3479,17250
3479,17251
3479,17252
3479,17253
3479,17254
3479,17255
3479,17256
3479,17257
3479,17258
3479,17259
3479,17260
3479,17261
3479,17262
3479,17263
3479,17264
3479,17265
3479,17266
3479,17267
3479,17268
3479,17269
3479,17270
3479,17271
3479,17272
3479,17273
3479,17274
3479,17275
3479,17276
3479,17277
3479,17278
3479,17279
3479,17280
3479,17281
3479,17282
3479,17283
3479,17284
3479,17285
3479,17286
3479,17287
3479,17288
3479,17289
3479,17290
3479,17291
3479,17292
3479,17293
3479,17294
3479,17295
3479,17296
3479,17297
3479,17298
3479,17299
3479,17300
3479,17301
3479,17302
3479,17303
3479,17304
3479,17305
3479,17306
3479,17307
3479,17308
3479,17309
3479,17310
3479,17338
3479,17339
3479,17340
3479,17341
3479,17342
3479,17343
3479,17344
3479,17345
3479,17346
3479,17347
3479,17348
3479,17349
3479,17350
3479,17351
3479,17352
3479,17353
3479,17354
3479,17355
3479,17356
3479,17357
3479,17358
3479,17359
3479,17360
3479,17361
3479,17362
3479,17363
3479,17364
3479,17365
3479,17366
3479,17367
3479,17368
3479,17369
3479,17370
3479,17371
3479,17372
3479,17373
3479,17374
3479,17375
3479,17376
3479,17377
3480,17234
3480,17235
3480,17236
3480,17237
3480,17238
3480,17239
3480,17240
3480,17241
3480,17242
3480,17243
3480,17244
3480,17245
3480,17246
3480,17247
3480,17248
3480,17249
3480,17250
3480,17251
3480,17252
3480,17253
3480,17254
3480,17255
3480,17256
3480,17257
3480,17258
3480,17259
3480,17260
3480,17261
3480,17262
3480,17263
3480,17264
3480,17265
3480,17266
3480,17267
3480,17268
3480,17269
3480,17270
3480,17271
3480,17272
3480,17273
3480,17274
3480,17275
3480,17276
3480,17277
3480,17278
3480,17279
3480,17280
3480,17281
3480,17282
3480,17283
3480,17284
3480,17285
3480,17286
3480,17287
3480,17288
3480,17289
3480,17290
3480,17291
3480,17292
3480,17293
3480,17294
3480,17295
3480,17296
3480,17297
3480,17298
3480,17299
3480,17300
3480,17301
3480,17302
3480,17303
3480,17304
3480,17306
3480,17307
3480,17337
3480,17338
3480,17339
3480,17340
3480,17341
3480,17342
3480,17343
3480,17344
3480,17345
3480,17346
3480,17347
3480,17348
3480,17349
3480,17350
3480,17351
3480,17352
3480,17353
3480,17354
3480,17355
3480,17356
3480,17357
3480,17358
3480,17359
3480,17360
3480,17361
3480,17362
3480,17363
3480,17364
3480,17365
3480,17366
3480,17367
3480,17368
3480,17369
3480,17370
3480,17371
3480,17372
3480,17373
3480,17374
3480,17375
3480,17376
3480,17377
3481,17234
3481,17235
3481,17236
3481,17237
3481,17238
3481,17239
3481,17240
3481,17241
3481,17242
3481,17243
3481,17244
3481,17245
3481,17246
3481,17247
3481,17248
3481,17249
3481,17250
3481,17251
3481,17252
3481,17253
3481,17254
3481,17255
3481,17256
3481,17257
3481,17258
3481,17259
3481,17260
3481,17261
3481,17262
3481,17263
3481,17264
3481,17265
3481,17266
3481,17267
3481,17268
3481,17269
3481,17270
3481,17271
3481,17272
3481,17273
3481,17274
3481,17275
3481,17276
3481,17277
3481,17278
3481,17279
3481,17280
3481,17281
3481,17282
3481,17283
3481,17284
3481,17285
3481,17286
3481,17287
3481,17288
3481,17289
3481,17290
3481,17291
3481,17292
3481,17293
3481,17294
3481,17295
3481,17296
3481,17297
3481,17298
3481,17299
3481,17300
3481,17301
3481,17302
3481,17303
3481,17304
3481,17338
3481,17339
3481,17340
3481,17341
3481,17342
3481,17343
3481,17344
3481,17345
3481,17346
3481,17347
3481,17348
3481,17349
3481,17350
3481,17351
3481,17352
3481,17353
3481,17354
3481,17355
3481,17356
3481,17357
3481,17358
3481,17359
3481,17360
3481,17361
3481,17362
3481,17363
3481,17364
3481,17365
3481,17366
3481,17367
3481,17368
3481,17369
3481,17370
3481,17371
3481,17372
3481,17373
3481,17374
3481,17375
3481,17376
3482,17234
3482,17235
3482,17236
3482,17237
3482,17238
3482,17239
3482,17240
3482,17241
3482,17242
3482,17243
3482,17244
3482,17245
3482,17246
3482,17247
3482,17248
3482,17249
3482,17250
3482,17251
3482,17252
3482,17253
3482,17254
3482,17255
3482,17256
3482,17257
3482,17258
3482,17259
3482,17260
3482,17261
3482,17262
3482,17263
3482,17264
3482,17265
3482,17266
3482,17267
3482,17268
3482,17269
3482,17270
3482,17271
3482,17272
3482,17273
3482,17274
3482,17275
3482,17276
3482,17277
3482,17278
3482,17279
3482,17280
3482,17281
3482,17282
3482,17283
3482,17284
3482,17285
3482,17286
3482,17287
3482,17288
3482,17289
3482,17290
3482,17291
3482,17292
3482,17293
3482,17294
3482,17295
3482,17296
3482,17297
3482,17298
3482,17299
3482,17300
3482,17301
3482,17302
3482,17303
3482,17304
3482,17338
3482,17339
3482,17340
3482,17341
3482,17342
3482,17343
3482,17344
3482,17345
3482,17346
3482,17347
3482,17348
3482,17349
3482,17350
3482,17351
3482,17352
3482,17353
3482,17354
3482,17355
3482,17356
3482,17357
3482,17358
3482,17359
3482,17360
3482,17361
3482,17362
3482,17363
3482,17364
3482,17365
3482,17366
3482,17367
3482,17368
3482,17369
3482,17370
3482,17371
3482,17372
3482,17373
3482,17374
3482,17375
3482,17376
3483,17235
3483,17236
3483,17237
3483,17238
3483,17239
3483,17240
3483,17241
3483,17242
3483,17243
3483,17244
3483,17245
3483,17246
3483,17247
3483,17248
3483,17249
3483,17250
3483,17251
3483,17252
3483,17253
3483,17254
3483,17255
3483,17256
3483,17257
3483,17258
3483,17259
3483,17260
3483,17261
3483,17262
3483,17263
3483,17264
3483,17265
3483,17266
3483,17267
3483,17268
3483,17269
3483,17270
3483,17271
3483,17272
3483,17273
3483,17274
3483,17275
3483,17276
3483,17277
3483,17278
3483,17279
3483,17280
3483,17281
3483,17282
3483,17283
3483,17284
3483,17285
3483,17286
3483,17287
3483,17288
3483,17289
3483,17290
3483,17291
3483,17292
3483,17293
3483,17294
3483,17295
3483,17296
3483,17297
3483,17298
3483,17299
3483,17300
3483,17301
3483,17302
3483,17303
3483,17304
3483,17305
3483,17338
3483,17339
3483,17340
3483,17341
3483,17342
3483,17343
3483,17344
3483,17345
3483,17346
3483,17347
3483,17348
3483,17349
3483,17350
3483,17351
3483,17352
3483,17353
3483,17354
3483,17355
3483,17356
3483,17357
3483,17358
3483,17359
3483,17360
3483,17361
3483,17362
3483,17363
3483,17364
3483,17365
3483,17366
3483,17367
3483,17368
3483,17369
3483,17370
3483,17371
3483,17372
3483,17373
3483,17374
3483,17375
3483,17376
3484,17235
3484,17236
3484,17237
3484,17238
3484,17239
3484,17240
3484,17241
3484,17242
3484,17243
3484,17244
3484,17245
3484,17246
3484,17247
3484,17248
3484,17249
3484,17250
3484,17251
3484,17252
3484,17253
3484,17254
3484,17255
3484,17256
3484,17257
3484,17258
3484,17259
3484,17260
3484,17261
3484,17262
3484,17263
3484,17264
3484,17265
3484,17266
3484,17267
3484,17268
3484,17269
3484,17270
3484,17271
3484,17272
3484,17273
3484,17274
3484,17275
3484,17276
3484,17277
3484,17278
3484,17279
3484,17280
3484,17281
3484,17282
3484,17283
3484,17284
3484,17285
3484,17286
3484,17287
3484,17288
3484,17289
3484,17290
3484,17291
3484,17292
3484,17293
3484,17294
3484,17295
3484,17296
3484,17297
3484,17298
3484,17299
3484,17300
3484,17301
3484,17302
3484,17303
3484,17304
3484,17305
3484,17339
3484,17340
3484,17341
3484,17342
3484,17343
3484,17344
3484,17345
3484,17346
3484,17347
3484,17348
3484,17349
3484,17350
3484,17351
3484,17352
3484,17353
3484,17354
3484,17355
3484,17356
3484,17357
3484,17358
3484,17359
3484,17360
3484,17361
3484,17362
3484,17363
3484,17364
3484,17365
3484,17366
3484,17367
3484,17368
3484,17369
3484,17370
3484,17371
3484,17372
3484,17373
3484,17374
3484,17375
3485,17236
3485,17237
3485,17238
3485,17239
3485,17240
3485,17241
3485,17242
3485,17243
3485,17244
3485,17245
3485,17246
3485,17247
3485,17248
3485,17249
3485,17250
3485,17251
3485,17252
3485,17253
3485,17254
3485,17255
3485,17256
3485,17257
3485,17258
3485,17259
3485,17260
3485,17261
3485,17262
3485,17263
3485,17264
3485,17265
3485,17266
3485,17267
3485,17268
3485,17269
3485,17270
3485,17271
3485,17272
3485,17273
3485,17274
3485,17275
3485,17276
3485,17277
3485,17278
3485,17279
3485,17280
3485,17281
3485,17282
3485,17283
3485,17284
3485,17285
3485,17286
3485,17287
3485,17288
3485,17289
3485,17290
3485,17291
3485,17292
3485,17293
3485,17294
3485,17295
3485,17296
3485,17297
3485,17298
3485,17299
3485,17300
3485,17301
3485,17302
3485,17303
3485,17304
3485,17305
3485,17340
3485,17341
3485,17342
3485,17343
3485,17344
3485,17345
3485,17346
3485,17347
3485,17348
3485,17349
3485,17350
3485,17351
3485,17352
3485,17353
3485,17354
3485,17355
3485,17356
3485,17357
3485,17358
3485,17359
3485,17360
3485,17361
3485,17362
3485,17363
3485,17364
3485,17365
3485,17366
3485,17367
3485,17368
3485,17369
3485,17370
3485,17371
3485,17372
3485,17373
3485,17374
3486,17236
3486,17237
3486,17238
3486,17239
3486,17240
3486,17241
3486,17242
3486,17243
3486,17244
3486,17245
3486,17246
3486,17247
3486,17248
3486,17249
3486,17250
3486,17251
3486,17252
3486,17253
3486,17254
3486,17255
3486,17256
3486,17257
3486,17258
3486,17259
3486,17260
3486,17261
3486,17262
3486,17263
3486,17264
3486,17265
3486,17266
3486,17267
3486,17268
3486,17269
3486,17270
3486,17271
3486,17272
3486,17273
3486,17274
3486,17275
3486,17276
3486,17277
3486,17278
3486,17279
3486,17280
3486,17281
3486,17282
3486,17283
3486,17284
3486,17285
3486,17286
3486,17287
3486,17288
3486,17289
3486,17290
3486,17291
3486,17292
3486,17293
3486,17294
3486,17295
3486,17296
3486,17297
3486,17298
3486,17299
3486,17300
3486,17301
3486,17302
3486,17303
3486,17304
3486,17305
3486,17306
3486,17341
3486,17342
3486,17343
3486,17344
3486,17345
3486,17346
3486,17347
3486,17348
3486,17349
3486,17350
3486,17351
3486,17352
3486,17353
3486,17354
3486,17355
3486,17356
3486,17357
3486,17358
3486,17359
3486,17360
3486,17361
3486,17362
3486,17363
3486,17364
3486,17365
3486,17366
3486,17367
3486,17368
3486,17369
3486,17370
3486,17371
3486,17372
3486,17373
3486,17374
3487,17237
3487,17238
3487,17239
3487,17240
3487,17241
3487,17242
3487,17243
3487,17244
3487,17245
3487,17246
3487,17247
3487,17248
3487,17249
3487,17250
3487,17251
3487,17252
3487,17253
3487,17254
3487,17255
3487,17256
3487,17257
3487,17258
3487,17259
3487,17260
3487,17261
3487,17262
3487,17263
3487,17264
3487,17265
3487,17266
3487,17267
3487,17268
3487,17269
3487,17270
3487,17271
3487,17272
3487,17273
3487,17274
3487,17275
3487,17276
3487,17277
3487,17278
3487,17279
3487,17280
3487,17281
3487,17282
3487,17283
3487,17284
3487,17285
3487,17286
3487,17287
3487,17288
3487,17289
3487,17290
3487,17291
3487,17292
3487,17293
3487,17294
3487,17295
3487,17296
3487,17297
3487,17298
3487,17299
3487,17300
3487,17301
3487,17302
3487,17303
3487,17304
3487,17305
3487,17343
3487,17344
3487,17345
3487,17346
3487,17347
3487,17348
3487,17349
3487,17350
3487,17351
3487,17352
3487,17353
3487,17354
3487,1