"X","Y"
13200,9453
13200,9454
13201,9450
13201,9451
13201,9452
13201,9453
13201,9454
13201,9455
13201,9456
13202,9449
13202,9450
13202,9451
13202,9452
13202,9453
13202,9454
13202,9455
13202,9456
13202,9457
13203,9448
13203,9449
13203,9450
13203,9451
13203,9452
13203,9453
13203,9454
13203,9455
13203,9456
13203,9457
13203,9458
13204,9421
13204,9447
13204,9448
13204,9449
13204,9450
13204,9451
13204,9452
13204,9453
13204,9454
13204,9455
13204,9456
13204,9457
13204,9458
13204,9459
13204,9460
13205,9418
13205,9419
13205,9420
13205,9421
13205,9422
13205,9423
13205,9424
13205,9444
13205,9445
13205,9446
13205,9447
13205,9448
13205,9449
13205,9450
13205,9451
13205,9452
13205,9453
13205,9454
13205,9455
13205,9456
13205,9457
13205,9458
13205,9459
13205,9460
13205,9461
13206,9417
13206,9418
13206,9419
13206,9420
13206,9421
13206,9422
13206,9423
13206,9424
13206,9425
13206,9442
13206,9443
13206,9444
13206,9445
13206,9446
13206,9447
13206,9448
13206,9449
13206,9450
13206,9451
13206,9452
13206,9453
13206,9454
13206,9455
13206,9456
13206,9457
13206,9458
13206,9459
13206,9460
13206,9461
13206,9462
13207,9416
13207,9417
13207,9418
13207,9419
13207,9420
13207,9421
13207,9422
13207,9423
13207,9424
13207,9425
13207,9426
13207,9434
13207,9436
13207,9439
13207,9440
13207,9441
13207,9442
13207,9443
13207,9444
13207,9445
13207,9446
13207,9447
13207,9448
13207,9449
13207,9450
13207,9451
13207,9452
13207,9453
13207,9454
13207,9455
13207,9456
13207,9457
13207,9458
13207,9459
13207,9460
13207,9461
13207,9462
13207,9463
13208,9416
13208,9417
13208,9418
13208,9419
13208,9420
13208,9421
13208,9422
13208,9423
13208,9424
13208,9425
13208,9426
13208,9427
13208,9432
13208,9433
13208,9434
13208,9435
13208,9436
13208,9437
13208,9438
13208,9439
13208,9440
13208,9441
13208,9442
13208,9443
13208,9444
13208,9445
13208,9446
13208,9447
13208,9448
13208,9449
13208,9450
13208,9451
13208,9452
13208,9453
13208,9454
13208,9455
13208,9456
13208,9457
13208,9458
13208,9459
13208,9460
13208,9461
13208,9462
13208,9463
13209,9415
13209,9416
13209,9417
13209,9418
13209,9419
13209,9420
13209,9421
13209,9422
13209,9423
13209,9424
13209,9425
13209,9426
13209,9427
13209,9428
13209,9431
13209,9432
13209,9433
13209,9434
13209,9435
13209,9436
13209,9437
13209,9438
13209,9439
13209,9440
13209,9441
13209,9442
13209,9443
13209,9444
13209,9445
13209,9446
13209,9447
13209,9448
13209,9449
13209,9450
13209,9451
13209,9452
13209,9453
13209,9454
13209,9455
13209,9456
13209,9457
13209,9458
13209,9459
13209,9460
13209,9461
13209,9462
13209,9463
13209,9464
13210,9415
13210,9416
13210,9417
13210,9418
13210,9419
13210,9420
13210,9421
13210,9422
13210,9423
13210,9424
13210,9425
13210,9426
13210,9427
13210,9428
13210,9430
13210,9431
13210,9432
13210,9433
13210,9434
13210,9435
13210,9436
13210,9437
13210,9438
13210,9439
13210,9440
13210,9441
13210,9442
13210,9443
13210,9444
13210,9445
13210,9446
13210,9447
13210,9448
13210,9449
13210,9450
13210,9451
13210,9452
13210,9453
13210,9454
13210,9455
13210,9456
13210,9457
13210,9458
13210,9459
13210,9460
13210,9461
13210,9462
13210,9463
13211,9394
13211,9395
13211,9415
13211,9416
13211,9417
13211,9418
13211,9419
13211,9420
13211,9421
13211,9422
13211,9423
13211,9424
13211,9425
13211,9426
13211,9427
13211,9428
13211,9429
13211,9430
13211,9431
13211,9432
13211,9433
13211,9434
13211,9435
13211,9436
13211,9437
13211,9438
13211,9439
13211,9440
13211,9441
13211,9442
13211,9443
13211,9444
13211,9445
13211,9446
13211,9447
13211,9448
13211,9449
13211,9450
13211,9451
13211,9452
13211,9453
13211,9454
13211,9455
13211,9456
13211,9457
13211,9458
13211,9459
13211,9460
13211,9461
13211,9462
13211,9463
13212,9392
13212,9393
13212,9394
13212,9395
13212,9396
13212,9397
13212,9414
13212,9415
13212,9416
13212,9417
13212,9418
13212,9419
13212,9420
13212,9421
13212,9422
13212,9423
13212,9424
13212,9425
13212,9426
13212,9427
13212,9428
13212,9429
13212,9430
13212,9431
13212,9432
13212,9433
13212,9434
13212,9435
13212,9436
13212,9437
13212,9438
13212,9439
13212,9440
13212,9441
13212,9442
13212,9443
13212,9444
13212,9445
13212,9446
13212,9447
13212,9448
13212,9449
13212,9450
13212,9451
13212,9452
13212,9453
13212,9454
13212,9455
13212,9456
13212,9457
13212,9458
13212,9459
13212,9460
13212,9461
13212,9462
13212,9463
13213,9391
13213,9392
13213,9393
13213,9394
13213,9395
13213,9396
13213,9397
13213,9398
13213,9414
13213,9415
13213,9416
13213,9417
13213,9418
13213,9419
13213,9420
13213,9421
13213,9422
13213,9423
13213,9424
13213,9425
13213,9426
13213,9427
13213,9428
13213,9429
13213,9430
13213,9431
13213,9432
13213,9433
13213,9434
13213,9435
13213,9436
13213,9437
13213,9438
13213,9439
13213,9440
13213,9441
13213,9442
13213,9443
13213,9444
13213,9445
13213,9446
13213,9447
13213,9448
13213,9449
13213,9450
13213,9451
13213,9452
13213,9453
13213,9454
13213,9455
13213,9456
13213,9457
13213,9458
13213,9459
13213,9460
13213,9461
13213,9462
13213,9463
13214,9390
13214,9391
13214,9392
13214,9393
13214,9394
13214,9395
13214,9396
13214,9397
13214,9398
13214,9399
13214,9415
13214,9416
13214,9417
13214,9418
13214,9419
13214,9420
13214,9421
13214,9422
13214,9423
13214,9424
13214,9425
13214,9426
13214,9427
13214,9428
13214,9429
13214,9430
13214,9431
13214,9432
13214,9433
13214,9434
13214,9435
13214,9436
13214,9437
13214,9438
13214,9439
13214,9440
13214,9441
13214,9442
13214,9443
13214,9444
13214,9445
13214,9446
13214,9447
13214,9448
13214,9449
13214,9450
13214,9451
13214,9452
13214,9453
13214,9454
13214,9455
13214,9456
13214,9457
13214,9458
13214,9459
13214,9460
13214,9461
13214,9462
13214,9463
13214,9464
13215,9370
13215,9390
13215,9391
13215,9392
13215,9393
13215,9394
13215,9395
13215,9396
13215,9397
13215,9398
13215,9399
13215,9415
13215,9416
13215,9417
13215,9418
13215,9419
13215,9420
13215,9421
13215,9422
13215,9423
13215,9424
13215,9425
13215,9426
13215,9427
13215,9428
13215,9429
13215,9430
13215,9431
13215,9432
13215,9433
13215,9434
13215,9435
13215,9436
13215,9437
13215,9438
13215,9439
13215,9440
13215,9441
13215,9442
13215,9443
13215,9444
13215,9445
13215,9446
13215,9447
13215,9448
13215,9449
13215,9450
13215,9451
13215,9452
13215,9453
13215,9454
13215,9455
13215,9456
13215,9457
13215,9458
13215,9459
13215,9460
13215,9461
13215,9462
13215,9463
13215,9464
13215,9465
13216,9367
13216,9368
13216,9369
13216,9370
13216,9371
13216,9372
13216,9373
13216,9377
13216,9389
13216,9390
13216,9391
13216,9392
13216,9393
13216,9394
13216,9395
13216,9396
13216,9397
13216,9398
13216,9399
13216,9400
13216,9402
13216,9403
13216,9404
13216,9405
13216,9415
13216,9416
13216,9417
13216,9418
13216,9419
13216,9420
13216,9421
13216,9422
13216,9423
13216,9424
13216,9425
13216,9426
13216,9427
13216,9428
13216,9429
13216,9430
13216,9431
13216,9432
13216,9433
13216,9434
13216,9435
13216,9436
13216,9437
13216,9438
13216,9439
13216,9440
13216,9441
13216,9442
13216,9443
13216,9444
13216,9445
13216,9446
13216,9447
13216,9448
13216,9449
13216,9450
13216,9451
13216,9452
13216,9453
13216,9454
13216,9455
13216,9456
13216,9457
13216,9458
13216,9459
13216,9460
13216,9461
13216,9462
13216,9463
13216,9464
13216,9465
13217,9366
13217,9367
13217,9368
13217,9369
13217,9370
13217,9371
13217,9372
13217,9373
13217,9374
13217,9375
13217,9376
13217,9377
13217,9378
13217,9379
13217,9380
13217,9381
13217,9382
13217,9388
13217,9389
13217,9390
13217,9391
13217,9392
13217,9393
13217,9394
13217,9395
13217,9396
13217,9397
13217,9398
13217,9399
13217,9400
13217,9401
13217,9402
13217,9403
13217,9404
13217,9405
13217,9406
13217,9407
13217,9408
13217,9416
13217,9417
13217,9418
13217,9419
13217,9420
13217,9421
13217,9422
13217,9423
13217,9424
13217,9425
13217,9426
13217,9427
13217,9428
13217,9429
13217,9430
13217,9431
13217,9432
13217,9433
13217,9434
13217,9435
13217,9436
13217,9437
13217,9438
13217,9439
13217,9440
13217,9441
13217,9442
13217,9443
13217,9444
13217,9445
13217,9446
13217,9447
13217,9448
13217,9449
13217,9450
13217,9451
13217,9452
13217,9453
13217,9454
13217,9455
13217,9456
13217,9457
13217,9458
13217,9459
13217,9460
13217,9461
13217,9462
13217,9463
13217,9464
13217,9465
13218,9365
13218,9366
13218,9367
13218,9368
13218,9369
13218,9370
13218,9371
13218,9372
13218,9373
13218,9374
13218,9375
13218,9376
13218,9377
13218,9378
13218,9379
13218,9380
13218,9381
13218,9382
13218,9383
13218,9384
13218,9385
13218,9387
13218,9388
13218,9389
13218,9390
13218,9391
13218,9392
13218,9393
13218,9394
13218,9395
13218,9396
13218,9397
13218,9398
13218,9399
13218,9400
13218,9401
13218,9402
13218,9403
13218,9404
13218,9405
13218,9406
13218,9407
13218,9408
13218,9409
13218,9410
13218,9417
13218,9418
13218,9419
13218,9420
13218,9421
13218,9422
13218,9423
13218,9424
13218,9425
13218,9426
13218,9427
13218,9428
13218,9429
13218,9430
13218,9431
13218,9432
13218,9433
13218,9434
13218,9435
13218,9436
13218,9437
13218,9438
13218,9439
13218,9440
13218,9441
13218,9442
13218,9443
13218,9444
13218,9445
13218,9446
13218,9447
13218,9448
13218,9449
13218,9450
13218,9451
13218,9452
13218,9453
13218,9454
13218,9455
13218,9456
13218,9457
13218,9458
13218,9459
13218,9460
13218,9461
13218,9462
13218,9463
13218,9464
13218,9465
13218,9466
13219,9364
13219,9365
13219,9366
13219,9367
13219,9368
13219,9369
13219,9370
13219,9371
13219,9372
13219,9373
13219,9374
13219,9375
13219,9376
13219,9377
13219,9378
13219,9379
13219,9380
13219,9381
13219,9382
13219,9383
13219,9384
13219,9385
13219,9386
13219,9387
13219,9388
13219,9389
13219,9390
13219,9391
13219,9392
13219,9393
13219,9394
13219,9395
13219,9396
13219,9397
13219,9398
13219,9399
13219,9400
13219,9401
13219,9402
13219,9403
13219,9404
13219,9405
13219,9406
13219,9407
13219,9408
13219,9409
13219,9410
13219,9411
13219,9419
13219,9420
13219,9421
13219,9422
13219,9423
13219,9424
13219,9425
13219,9426
13219,9427
13219,9428
13219,9429
13219,9430
13219,9431
13219,9432
13219,9433
13219,9434
13219,9435
13219,9436
13219,9437
13219,9438
13219,9439
13219,9440
13219,9441
13219,9442
13219,9443
13219,9444
13219,9445
13219,9446
13219,9447
13219,9448
13219,9449
13219,9450
13219,9451
13219,9452
13219,9453
13219,9454
13219,9455
13219,9456
13219,9457
13219,9458
13219,9459
13219,9460
13219,9461
13219,9462
13219,9463
13219,9464
13219,9465
13219,9466
13220,9363
13220,9364
13220,9365
13220,9366
13220,9367
13220,9368
13220,9369
13220,9370
13220,9371
13220,9372
13220,9373
13220,9374
13220,9375
13220,9376
13220,9377
13220,9378
13220,9379
13220,9380
13220,9381
13220,9382
13220,9383
13220,9384
13220,9385
13220,9386
13220,9387
13220,9388
13220,9389
13220,9390
13220,9391
13220,9392
13220,9393
13220,9394
13220,9395
13220,9396
13220,9397
13220,9398
13220,9399
13220,9400
13220,9401
13220,9402
13220,9403
13220,9404
13220,9405
13220,9406
13220,9407
13220,9408
13220,9409
13220,9410
13220,9411
13220,9412
13220,9420
13220,9421
13220,9422
13220,9423
13220,9424
13220,9425
13220,9426
13220,9427
13220,9428
13220,9429
13220,9430
13220,9431
13220,9432
13220,9433
13220,9434
13220,9435
13220,9436
13220,9437
13220,9438
13220,9439
13220,9440
13220,9441
13220,9442
13220,9443
13220,9444
13220,9445
13220,9446
13220,9447
13220,9448
13220,9449
13220,9450
13220,9451
13220,9452
13220,9453
13220,9454
13220,9455
13220,9456
13220,9457
13220,9458
13220,9459
13220,9460
13220,9461
13220,9462
13220,9463
13220,9464
13220,9465
13221,9363
13221,9364
13221,9365
13221,9366
13221,9367
13221,9368
13221,9369
13221,9370
13221,9371
13221,9372
13221,9373
13221,9374
13221,9375
13221,9376
13221,9377
13221,9378
13221,9379
13221,9380
13221,9381
13221,9382
13221,9383
13221,9384
13221,9385
13221,9386
13221,9387
13221,9388
13221,9389
13221,9390
13221,9391
13221,9392
13221,9393
13221,9394
13221,9395
13221,9396
13221,9397
13221,9398
13221,9399
13221,9400
13221,9401
13221,9402
13221,9403
13221,9404
13221,9405
13221,9406
13221,9407
13221,9408
13221,9409
13221,9410
13221,9411
13221,9412
13221,9413
13221,9423
13221,9427
13221,9428
13221,9429
13221,9430
13221,9431
13221,9432
13221,9433
13221,9434
13221,9435
13221,9436
13221,9437
13221,9438
13221,9439
13221,9440
13221,9441
13221,9442
13221,9443
13221,9444
13221,9445
13221,9446
13221,9447
13221,9448
13221,9449
13221,9450
13221,9451
13221,9452
13221,9453
13221,9454
13221,9455
13221,9456
13221,9457
13221,9458
13221,9459
13221,9460
13221,9461
13221,9462
13221,9463
13221,9464
13221,9465
13222,9362
13222,9363
13222,9364
13222,9365
13222,9366
13222,9367
13222,9368
13222,9369
13222,9370
13222,9371
13222,9372
13222,9373
13222,9374
13222,9375
13222,9376
13222,9377
13222,9378
13222,9379
13222,9380
13222,9381
13222,9382
13222,9383
13222,9384
13222,9385
13222,9386
13222,9387
13222,9388
13222,9389
13222,9390
13222,9391
13222,9392
13222,9393
13222,9394
13222,9395
13222,9396
13222,9397
13222,9398
13222,9399
13222,9400
13222,9401
13222,9402
13222,9403
13222,9404
13222,9405
13222,9406
13222,9407
13222,9408
13222,9409
13222,9410
13222,9411
13222,9412
13222,9413
13222,9427
13222,9428
13222,9429
13222,9430
13222,9431
13222,9432
13222,9433
13222,9434
13222,9435
13222,9436
13222,9437
13222,9438
13222,9439
13222,9440
13222,9441
13222,9442
13222,9443
13222,9444
13222,9445
13222,9446
13222,9447
13222,9448
13222,9449
13222,9450
13222,9451
13222,9452
13222,9453
13222,9454
13222,9455
13222,9456
13222,9457
13222,9458
13222,9459
13222,9460
13222,9461
13222,9462
13222,9463
13222,9464
13222,9465
13223,9361
13223,9362
13223,9363
13223,9364
13223,9365
13223,9366
13223,9367
13223,9368
13223,9369
13223,9370
13223,9371
13223,9372
13223,9373
13223,9374
13223,9375
13223,9376
13223,9377
13223,9378
13223,9379
13223,9380
13223,9381
13223,9382
13223,9383
13223,9384
13223,9385
13223,9386
13223,9387
13223,9388
13223,9389
13223,9390
13223,9391
13223,9392
13223,9393
13223,9394
13223,9395
13223,9396
13223,9397
13223,9398
13223,9399
13223,9400
13223,9401
13223,9402
13223,9403
13223,9404
13223,9405
13223,9406
13223,9407
13223,9408
13223,9409
13223,9410
13223,9411
13223,9412
13223,9413
13223,9414
13223,9427
13223,9428
13223,9429
13223,9430
13223,9431
13223,9432
13223,9433
13223,9434
13223,9435
13223,9436
13223,9437
13223,9438
13223,9439
13223,9440
13223,9441
13223,9442
13223,9443
13223,9444
13223,9445
13223,9446
13223,9447
13223,9448
13223,9449
13223,9450
13223,9451
13223,9452
13223,9453
13223,9454
13223,9455
13223,9456
13223,9457
13223,9458
13223,9459
13223,9460
13223,9461
13223,9462
13223,9463
13223,9464
13223,9465
13224,9360
13224,9361
13224,9362
13224,9363
13224,9364
13224,9365
13224,9366
13224,9367
13224,9368
13224,9369
13224,9370
13224,9371
13224,9372
13224,9373
13224,9374
13224,9375
13224,9376
13224,9377
13224,9378
13224,9379
13224,9380
13224,9381
13224,9382
13224,9383
13224,9384
13224,9385
13224,9386
13224,9387
13224,9388
13224,9389
13224,9390
13224,9391
13224,9392
13224,9393
13224,9394
13224,9395
13224,9396
13224,9397
13224,9398
13224,9399
13224,9400
13224,9401
13224,9402
13224,9403
13224,9404
13224,9405
13224,9406
13224,9407
13224,9408
13224,9409
13224,9410
13224,9411
13224,9412
13224,9413
13224,9414
13224,9422
13224,9423
13224,9424
13224,9427
13224,9428
13224,9429
13224,9430
13224,9431
13224,9432
13224,9433
13224,9434
13224,9435
13224,9436
13224,9437
13224,9438
13224,9439
13224,9440
13224,9441
13224,9442
13224,9443
13224,9444
13224,9445
13224,9446
13224,9447
13224,9448
13224,9449
13224,9450
13224,9451
13224,9452
13224,9453
13224,9454
13224,9455
13224,9456
13224,9457
13224,9458
13224,9459
13224,9460
13224,9461
13224,9462
13224,9463
13224,9464
13224,9465
13225,9360
13225,9361
13225,9362
13225,9363
13225,9364
13225,9365
13225,9366
13225,9367
13225,9368
13225,9369
13225,9370
13225,9371
13225,9372
13225,9373
13225,9374
13225,9375
13225,9376
13225,9377
13225,9378
13225,9379
13225,9380
13225,9381
13225,9382
13225,9383
13225,9384
13225,9385
13225,9386
13225,9387
13225,9388
13225,9389
13225,9390
13225,9391
13225,9392
13225,9393
13225,9394
13225,9395
13225,9396
13225,9397
13225,9398
13225,9399
13225,9400
13225,9401
13225,9402
13225,9403
13225,9404
13225,9405
13225,9406
13225,9407
13225,9408
13225,9409
13225,9410
13225,9411
13225,9412
13225,9413
13225,9420
13225,9421
13225,9422
13225,9423
13225,9424
13225,9425
13225,9426
13225,9427
13225,9428
13225,9429
13225,9430
13225,9431
13225,9432
13225,9433
13225,9434
13225,9435
13225,9436
13225,9437
13225,9438
13225,9439
13225,9440
13225,9441
13225,9442
13225,9443
13225,9444
13225,9445
13225,9446
13225,9447
13225,9448
13225,9449
13225,9450
13225,9451
13225,9452
13225,9453
13225,9454
13225,9455
13225,9456
13225,9457
13225,9458
13225,9459
13225,9460
13225,9461
13225,9462
13225,9463
13225,9464
13225,9465
13225,9466
13226,9360
13226,9361
13226,9362
13226,9363
13226,9364
13226,9365
13226,9366
13226,9367
13226,9368
13226,9369
13226,9370
13226,9371
13226,9372
13226,9373
13226,9374
13226,9375
13226,9376
13226,9377
13226,9378
13226,9379
13226,9380
13226,9381
13226,9382
13226,9383
13226,9384
13226,9385
13226,9386
13226,9387
13226,9388
13226,9389
13226,9390
13226,9391
13226,9392
13226,9393
13226,9394
13226,9395
13226,9396
13226,9397
13226,9398
13226,9399
13226,9400
13226,9401
13226,9402
13226,9403
13226,9404
13226,9405
13226,9406
13226,9407
13226,9408
13226,9409
13226,9410
13226,9411
13226,9412
13226,9413
13226,9419
13226,9420
13226,9421
13226,9422
13226,9423
13226,9424
13226,9425
13226,9426
13226,9427
13226,9428
13226,9429
13226,9430
13226,9431
13226,9432
13226,9433
13226,9434
13226,9435
13226,9436
13226,9437
13226,9438
13226,9439
13226,9440
13226,9441
13226,9442
13226,9443
13226,9444
13226,9445
13226,9446
13226,9447
13226,9448
13226,9449
13226,9450
13226,9451
13226,9452
13226,9453
13226,9454
13226,9455
13226,9456
13226,9457
13226,9458
13226,9459
13226,9460
13226,9461
13226,9462
13226,9463
13226,9464
13226,9465
13226,9466
13227,9359
13227,9360
13227,9361
13227,9362
13227,9363
13227,9364
13227,9365
13227,9366
13227,9367
13227,9368
13227,9369
13227,9370
13227,9371
13227,9372
13227,9373
13227,9374
13227,9375
13227,9376
13227,9377
13227,9378
13227,9379
13227,9380
13227,9381
13227,9382
13227,9383
13227,9384
13227,9385
13227,9386
13227,9387
13227,9388
13227,9389
13227,9390
13227,9391
13227,9392
13227,9393
13227,9394
13227,9395
13227,9396
13227,9397
13227,9398
13227,9399
13227,9400
13227,9401
13227,9402
13227,9403
13227,9404
13227,9405
13227,9406
13227,9407
13227,9408
13227,9409
13227,9410
13227,9411
13227,9412
13227,9413
13227,9414
13227,9418
13227,9419
13227,9420
13227,9421
13227,9422
13227,9423
13227,9424
13227,9425
13227,9426
13227,9427
13227,9428
13227,9429
13227,9430
13227,9431
13227,9432
13227,9433
13227,9434
13227,9435
13227,9436
13227,9437
13227,9438
13227,9439
13227,9440
13227,9441
13227,9442
13227,9443
13227,9444
13227,9445
13227,9446
13227,9447
13227,9448
13227,9449
13227,9450
13227,9451
13227,9452
13227,9453
13227,9454
13227,9455
13227,9456
13227,9457
13227,9458
13227,9459
13227,9460
13227,9461
13227,9462
13227,9463
13227,9464
13227,9465
13227,9466
13228,9355
13228,9356
13228,9358
13228,9359
13228,9360
13228,9361
13228,9362
13228,9363
13228,9364
13228,9365
13228,9366
13228,9367
13228,9368
13228,9369
13228,9370
13228,9371
13228,9372
13228,9373
13228,9374
13228,9375
13228,9376
13228,9377
13228,9378
13228,9379
13228,9380
13228,9381
13228,9382
13228,9383
13228,9384
13228,9385
13228,9386
13228,9387
13228,9388
13228,9389
13228,9390
13228,9391
13228,9392
13228,9393
13228,9394
13228,9395
13228,9396
13228,9397
13228,9398
13228,9399
13228,9400
13228,9401
13228,9402
13228,9403
13228,9404
13228,9405
13228,9406
13228,9407
13228,9408
13228,9409
13228,9410
13228,9411
13228,9412
13228,9413
13228,9414
13228,9415
13228,9416
13228,9418
13228,9419
13228,9420
13228,9421
13228,9422
13228,9423
13228,9424
13228,9425
13228,9426
13228,9427
13228,9428
13228,9429
13228,9430
13228,9431
13228,9432
13228,9433
13228,9434
13228,9435
13228,9436
13228,9437
13228,9438
13228,9439
13228,9440
13228,9441
13228,9442
13228,9443
13228,9444
13228,9445
13228,9446
13228,9447
13228,9448
13228,9449
13228,9450
13228,9451
13228,9452
13228,9453
13228,9454
13228,9455
13228,9456
13228,9457
13228,9458
13228,9459
13228,9460
13228,9461
13228,9462
13228,9463
13228,9464
13228,9465
13228,9466
13228,9467
13229,9353
13229,9354
13229,9355
13229,9356
13229,9357
13229,9358
13229,9359
13229,9360
13229,9361
13229,9362
13229,9363
13229,9364
13229,9365
13229,9366
13229,9367
13229,9368
13229,9369
13229,9370
13229,9371
13229,9372
13229,9373
13229,9374
13229,9375
13229,9376
13229,9377
13229,9378
13229,9379
13229,9380
13229,9381
13229,9382
13229,9383
13229,9384
13229,9385
13229,9386
13229,9387
13229,9388
13229,9389
13229,9390
13229,9391
13229,9392
13229,9393
13229,9394
13229,9395
13229,9396
13229,9397
13229,9398
13229,9399
13229,9400
13229,9401
13229,9402
13229,9403
13229,9404
13229,9405
13229,9406
13229,9407
13229,9408
13229,9409
13229,9410
13229,9411
13229,9412
13229,9413
13229,9414
13229,9415
13229,9416
13229,9417
13229,9418
13229,9419
13229,9420
13229,9421
13229,9422
13229,9423
13229,9424
13229,9425
13229,9426
13229,9427
13229,9428
13229,9429
13229,9430
13229,9431
13229,9432
13229,9433
13229,9434
13229,9435
13229,9436
13229,9437
13229,9438
13229,9439
13229,9440
13229,9441
13229,9442
13229,9443
13229,9444
13229,9445
13229,9446
13229,9447
13229,9448
13229,9449
13229,9450
13229,9451
13229,9452
13229,9453
13229,9454
13229,9455
13229,9456
13229,9457
13229,9458
13229,9459
13229,9460
13229,9461
13229,9462
13229,9463
13229,9464
13229,9465
13229,9466
13229,9467
13230,9352
13230,9353
13230,9354
13230,9355
13230,9356
13230,9357
13230,9358
13230,9359
13230,9360
13230,9361
13230,9362
13230,9363
13230,9364
13230,9365
13230,9366
13230,9367
13230,9368
13230,9369
13230,9370
13230,9371
13230,9372
13230,9373
13230,9374
13230,9375
13230,9376
13230,9377
13230,9378
13230,9379
13230,9380
13230,9381
13230,9382
13230,9383
13230,9384
13230,9385
13230,9386
13230,9387
13230,9388
13230,9389
13230,9390
13230,9391
13230,9392
13230,9393
13230,9394
13230,9395
13230,9396
13230,9397
13230,9398
13230,9399
13230,9400
13230,9401
13230,9402
13230,9403
13230,9404
13230,9405
13230,9406
13230,9407
13230,9408
13230,9409
13230,9410
13230,9411
13230,9412
13230,9413
13230,9414
13230,9415
13230,9416
13230,9417
13230,9418
13230,9419
13230,9420
13230,9421
13230,9422
13230,9423
13230,9424
13230,9425
13230,9426
13230,9427
13230,9428
13230,9429
13230,9430
13230,9431
13230,9432
13230,9433
13230,9434
13230,9435
13230,9436
13230,9437
13230,9438
13230,9439
13230,9440
13230,9441
13230,9442
13230,9443
13230,9444
13230,9445
13230,9446
13230,9447
13230,9448
13230,9449
13230,9450
13230,9451
13230,9452
13230,9453
13230,9454
13230,9455
13230,9456
13230,9457
13230,9458
13230,9459
13230,9460
13230,9461
13230,9462
13230,9463
13230,9464
13230,9465
13230,9466
13230,9467
13231,9351
13231,9352
13231,9353
13231,9354
13231,9355
13231,9356
13231,9357
13231,9358
13231,9359
13231,9360
13231,9361
13231,9362
13231,9363
13231,9364
13231,9365
13231,9366
13231,9367
13231,9368
13231,9369
13231,9370
13231,9371
13231,9372
13231,9373
13231,9374
13231,9375
13231,9376
13231,9377
13231,9378
13231,9379
13231,9380
13231,9381
13231,9382
13231,9383
13231,9384
13231,9385
13231,9386
13231,9387
13231,9388
13231,9389
13231,9390
13231,9391
13231,9392
13231,9393
13231,9394
13231,9395
13231,9396
13231,9397
13231,9398
13231,9399
13231,9400
13231,9401
13231,9402
13231,9403
13231,9404
13231,9405
13231,9406
13231,9407
13231,9408
13231,9409
13231,9410
13231,9411
13231,9412
13231,9413
13231,9414
13231,9415
13231,9416
13231,9417
13231,9418
13231,9419
13231,9420
13231,9421
13231,9422
13231,9423
13231,9424
13231,9425
13231,9426
13231,9427
13231,9428
13231,9429
13231,9430
13231,9431
13231,9432
13231,9433
13231,9434
13231,9435
13231,9436
13231,9437
13231,9438
13231,9439
13231,9440
13231,9441
13231,9442
13231,9443
13231,9444
13231,9445
13231,9446
13231,9447
13231,9448
13231,9449
13231,9450
13231,9451
13231,9452
13231,9453
13231,9454
13231,9455
13231,9456
13231,9457
13231,9458
13231,9459
13231,9460
13231,9461
13231,9462
13231,9463
13231,9464
13231,9465
13231,9466
13231,9467
13232,9351
13232,9352
13232,9353
13232,9354
13232,9355
13232,9356
13232,9357
13232,9358
13232,9359
13232,9360
13232,9361
13232,9362
13232,9363
13232,9364
13232,9365
13232,9366
13232,9367
13232,9368
13232,9369
13232,9370
13232,9371
13232,9372
13232,9373
13232,9374
13232,9375
13232,9376
13232,9377
13232,9378
13232,9379
13232,9380
13232,9381
13232,9382
13232,9383
13232,9384
13232,9385
13232,9386
13232,9387
13232,9388
13232,9389
13232,9390
13232,9391
13232,9392
13232,9393
13232,9394
13232,9395
13232,9396
13232,9397
13232,9398
13232,9399
13232,9400
13232,9401
13232,9402
13232,9403
13232,9404
13232,9405
13232,9406
13232,9407
13232,9408
13232,9409
13232,9410
13232,9411
13232,9412
13232,9413
13232,9414
13232,9415
13232,9416
13232,9417
13232,9418
13232,9419
13232,9420
13232,9421
13232,9422
13232,9423
13232,9424
13232,9425
13232,9426
13232,9427
13232,9428
13232,9429
13232,9430
13232,9431
13232,9432
13232,9433
13232,9434
13232,9435
13232,9436
13232,9437
13232,9438
13232,9439
13232,9440
13232,9441
13232,9442
13232,9443
13232,9444
13232,9445
13232,9446
13232,9447
13232,9448
13232,9449
13232,9450
13232,9451
13232,9452
13232,9453
13232,9454
13232,9455
13232,9456
13232,9457
13232,9458
13232,9459
13232,9460
13232,9461
13232,9462
13232,9463
13232,9464
13232,9465
13232,9466
13233,9350
13233,9351
13233,9352
13233,9353
13233,9354
13233,9355
13233,9356
13233,9357
13233,9358
13233,9359
13233,9360
13233,9361
13233,9362
13233,9363
13233,9364
13233,9365
13233,9366
13233,9367
13233,9368
13233,9369
13233,9370
13233,9371
13233,9372
13233,9373
13233,9374
13233,9375
13233,9376
13233,9377
13233,9378
13233,9379
13233,9380
13233,9381
13233,9382
13233,9383
13233,9384
13233,9385
13233,9386
13233,9387
13233,9388
13233,9389
13233,9390
13233,9391
13233,9392
13233,9393
13233,9394
13233,9395
13233,9396
13233,9397
13233,9398
13233,9399
13233,9400
13233,9401
13233,9402
13233,9403
13233,9404
13233,9405
13233,9406
13233,9407
13233,9408
13233,9409
13233,9410
13233,9411
13233,9412
13233,9413
13233,9414
13233,9415
13233,9416
13233,9417
13233,9418
13233,9419
13233,9420
13233,9421
13233,9422
13233,9423
13233,9424
13233,9425
13233,9426
13233,9427
13233,9428
13233,9429
13233,9430
13233,9431
13233,9432
13233,9433
13233,9434
13233,9435
13233,9436
13233,9437
13233,9438
13233,9439
13233,9440
13233,9441
13233,9442
13233,9443
13233,9444
13233,9445
13233,9446
13233,9447
13233,9448
13233,9449
13233,9450
13233,9451
13233,9452
13233,9453
13233,9454
13233,9455
13233,9456
13233,9457
13233,9458
13233,9459
13233,9460
13233,9461
13233,9462
13233,9463
13233,9464
13233,9465
13233,9466
13234,9349
13234,9350
13234,9351
13234,9352
13234,9353
13234,9354
13234,9355
13234,9356
13234,9357
13234,9358
13234,9359
13234,9360
13234,9361
13234,9362
13234,9363
13234,9364
13234,9365
13234,9366
13234,9367
13234,9368
13234,9369
13234,9370
13234,9371
13234,9372
13234,9373
13234,9374
13234,9375
13234,9376
13234,9377
13234,9378
13234,9379
13234,9380
13234,9381
13234,9382
13234,9383
13234,9384
13234,9385
13234,9386
13234,9387
13234,9388
13234,9389
13234,9390
13234,9391
13234,9392
13234,9393
13234,9394
13234,9395
13234,9396
13234,9397
13234,9398
13234,9399
13234,9400
13234,9401
13234,9402
13234,9403
13234,9404
13234,9405
13234,9406
13234,9407
13234,9408
13234,9409
13234,9410
13234,9411
13234,9412
13234,9413
13234,9414
13234,9415
13234,9416
13234,9417
13234,9418
13234,9419
13234,9420
13234,9421
13234,9422
13234,9423
13234,9424
13234,9425
13234,9426
13234,9427
13234,9428
13234,9429
13234,9430
13234,9431
13234,9432
13234,9433
13234,9434
13234,9435
13234,9436
13234,9437
13234,9438
13234,9439
13234,9440
13234,9441
13234,9442
13234,9443
13234,9444
13234,9445
13234,9446
13234,9447
13234,9448
13234,9449
13234,9450
13234,9451
13234,9452
13234,9453
13234,9454
13234,9455
13234,9456
13234,9457
13234,9458
13234,9459
13234,9460
13234,9461
13234,9462
13234,9463
13234,9464
13234,9465
13234,9466
13235,9349
13235,9350
13235,9351
13235,9352
13235,9353
13235,9354
13235,9355
13235,9356
13235,9357
13235,9358
13235,9359
13235,9360
13235,9361
13235,9362
13235,9363
13235,9364
13235,9365
13235,9366
13235,9367
13235,9368
13235,9369
13235,9370
13235,9371
13235,9372
13235,9373
13235,9374
13235,9375
13235,9376
13235,9377
13235,9378
13235,9379
13235,9380
13235,9381
13235,9382
13235,9383
13235,9384
13235,9385
13235,9386
13235,9387
13235,9388
13235,9389
13235,9390
13235,9391
13235,9392
13235,9393
13235,9394
13235,9395
13235,9396
13235,9397
13235,9398
13235,9399
13235,9400
13235,9401
13235,9402
13235,9403
13235,9404
13235,9405
13235,9406
13235,9407
13235,9408
13235,9409
13235,9410
13235,9411
13235,9412
13235,9413
13235,9414
13235,9415
13235,9416
13235,9417
13235,9418
13235,9419
13235,9420
13235,9421
13235,9422
13235,9423
13235,9424
13235,9425
13235,9426
13235,9427
13235,9428
13235,9429
13235,9430
13235,9431
13235,9432
13235,9433
13235,9434
13235,9435
13235,9436
13235,9437
13235,9438
13235,9439
13235,9440
13235,9441
13235,9442
13235,9443
13235,9444
13235,9445
13235,9446
13235,9447
13235,9448
13235,9449
13235,9450
13235,9451
13235,9452
13235,9453
13235,9454
13235,9455
13235,9456
13235,9457
13235,9458
13235,9459
13235,9460
13235,9461
13235,9462
13235,9463
13235,9464
13235,9465
13236,9349
13236,9350
13236,9351
13236,9352
13236,9353
13236,9354
13236,9355
13236,9356
13236,9357
13236,9358
13236,9359
13236,9360
13236,9361
13236,9362
13236,9363
13236,9364
13236,9365
13236,9366
13236,9367
13236,9368
13236,9369
13236,9370
13236,9371
13236,9372
13236,9373
13236,9374
13236,9375
13236,9376
13236,9377
13236,9378
13236,9379
13236,9380
13236,9381
13236,9382
13236,9383
13236,9384
13236,9385
13236,9386
13236,9387
13236,9388
13236,9389
13236,9390
13236,9391
13236,9392
13236,9393
13236,9394
13236,9395
13236,9396
13236,9397
13236,9398
13236,9399
13236,9400
13236,9401
13236,9402
13236,9403
13236,9404
13236,9405
13236,9406
13236,9407
13236,9408
13236,9409
13236,9410
13236,9411
13236,9412
13236,9413
13236,9414
13236,9415
13236,9416
13236,9417
13236,9419
13236,9420
13236,9421
13236,9422
13236,9423
13236,9424
13236,9425
13236,9426
13236,9427
13236,9428
13236,9429
13236,9430
13236,9431
13236,9432
13236,9433
13236,9434
13236,9435
13236,9436
13236,9437
13236,9438
13236,9439
13236,9440
13236,9441
13236,9442
13236,9443
13236,9444
13236,9445
13236,9446
13236,9447
13236,9448
13236,9449
13236,9450
13236,9451
13236,9452
13236,9453
13236,9454
13236,9455
13236,9456
13236,9457
13236,9458
13236,9459
13236,9460
13236,9461
13236,9462
13236,9463
13236,9464
13237,9348
13237,9349
13237,9350
13237,9351
13237,9352
13237,9353
13237,9354
13237,9355
13237,9356
13237,9357
13237,9358
13237,9359
13237,9360
13237,9361
13237,9362
13237,9363
13237,9364
13237,9365
13237,9366
13237,9367
13237,9368
13237,9369
13237,9370
13237,9371
13237,9372
13237,9373
13237,9374
13237,9375
13237,9376
13237,9377
13237,9378
13237,9379
13237,9380
13237,9381
13237,9382
13237,9383
13237,9384
13237,9385
13237,9386
13237,9387
13237,9388
13237,9389
13237,9390
13237,9391
13237,9392
13237,9393
13237,9394
13237,9395
13237,9396
13237,9397
13237,9398
13237,9399
13237,9400
13237,9401
13237,9402
13237,9403
13237,9404
13237,9405
13237,9406
13237,9407
13237,9408
13237,9409
13237,9410
13237,9411
13237,9412
13237,9413
13237,9414
13237,9415
13237,9416
13237,9417
13237,9422
13237,9423
13237,9424
13237,9425
13237,9426
13237,9427
13237,9428
13237,9429
13237,9430
13237,9431
13237,9432
13237,9433
13237,9434
13237,9435
13237,9436
13237,9437
13237,9438
13237,9439
13237,9440
13237,9441
13237,9442
13237,9443
13237,9444
13237,9445
13237,9446
13237,9447
13237,9448
13237,9449
13237,9450
13237,9451
13237,9452
13237,9453
13237,9454
13237,9455
13237,9456
13237,9457
13237,9458
13237,9459
13237,9460
13237,9461
13237,9462
13237,9463
13238,9348
13238,9349
13238,9350
13238,9351
13238,9352
13238,9353
13238,9354
13238,9355
13238,9356
13238,9357
13238,9358
13238,9359
13238,9360
13238,9361
13238,9362
13238,9363
13238,9364
13238,9365
13238,9366
13238,9367
13238,9368
13238,9369
13238,9370
13238,9371
13238,9372
13238,9373
13238,9374
13238,9375
13238,9376
13238,9377
13238,9378
13238,9379
13238,9380
13238,9381
13238,9382
13238,9383
13238,9384
13238,9385
13238,9386
13238,9387
13238,9388
13238,9389
13238,9390
13238,9391
13238,9392
13238,9393
13238,9394
13238,9395
13238,9396
13238,9397
13238,9398
13238,9399
13238,9400
13238,9401
13238,9402
13238,9403
13238,9404
13238,9405
13238,9406
13238,9407
13238,9408
13238,9409
13238,9410
13238,9411
13238,9412
13238,9413
13238,9414
13238,9415
13238,9416
13238,9425
13238,9426
13238,9427
13238,9428
13238,9429
13238,9430
13238,9431
13238,9432
13238,9433
13238,9434
13238,9435
13238,9436
13238,9437
13238,9438
13238,9439
13238,9440
13238,9441
13238,9442
13238,9443
13238,9444
13238,9445
13238,9446
13238,9447
13238,9448
13238,9449
13238,9450
13238,9451
13238,9452
13238,9453
13238,9454
13238,9455
13238,9456
13238,9457
13238,9458
13238,9459
13238,9460
13238,9461
13239,9349
13239,9350
13239,9351
13239,9352
13239,9353
13239,9354
13239,9355
13239,9356
13239,9357
13239,9358
13239,9359
13239,9360
13239,9361
13239,9362
13239,9363
13239,9364
13239,9365
13239,9366
13239,9367
13239,9368
13239,9369
13239,9370
13239,9371
13239,9372
13239,9373
13239,9374
13239,9375
13239,9376
13239,9377
13239,9378
13239,9379
13239,9380
13239,9381
13239,9382
13239,9383
13239,9384
13239,9385
13239,9386
13239,9387
13239,9388
13239,9389
13239,9390
13239,9391
13239,9392
13239,9393
13239,9394
13239,9395
13239,9396
13239,9397
13239,9398
13239,9399
13239,9400
13239,9401
13239,9402
13239,9403
13239,9404
13239,9405
13239,9406
13239,9407
13239,9408
13239,9409
13239,9410
13239,9411
13239,9412
13239,9413
13239,9414
13239,9415
13239,9426
13239,9427
13239,9428
13239,9429
13239,9430
13239,9431
13239,9432
13239,9433
13239,9434
13239,9435
13239,9436
13239,9437
13239,9438
13239,9439
13239,9440
13239,9441
13239,9442
13239,9443
13239,9444
13239,9445
13239,9446
13239,9447
13239,9448
13239,9449
13239,9450
13239,9451
13239,9452
13239,9453
13239,9454
13239,9455
13239,9456
13239,9457
13239,9458
13239,9459
13239,9460
13239,9461
13240,9349
13240,9350
13240,9351
13240,9352
13240,9353
13240,9354
13240,9355
13240,9356
13240,9357
13240,9358
13240,9359
13240,9360
13240,9361
13240,9362
13240,9363
13240,9364
13240,9365
13240,9366
13240,9367
13240,9368
13240,9369
13240,9370
13240,9371
13240,9372
13240,9373
13240,9374
13240,9375
13240,9376
13240,9377
13240,9378
13240,9379
13240,9380
13240,9381
13240,9382
13240,9383
13240,9384
13240,9385
13240,9386
13240,9387
13240,9388
13240,9389
13240,9390
13240,9391
13240,9392
13240,9393
13240,9394
13240,9395
13240,9396
13240,9397
13240,9398
13240,9399
13240,9400
13240,9401
13240,9402
13240,9403
13240,9404
13240,9405
13240,9406
13240,9407
13240,9408
13240,9409
13240,9410
13240,9411
13240,9412
13240,9413
13240,9414
13240,9415
13240,9416
13240,9427
13240,9428
13240,9429
13240,9430
13240,9431
13240,9432
13240,9433
13240,9434
13240,9435
13240,9436
13240,9437
13240,9438
13240,9439
13240,9440
13240,9441
13240,9442
13240,9443
13240,9444
13240,9445
13240,9446
13240,9447
13240,9448
13240,9449
13240,9450
13240,9451
13240,9452
13240,9453
13240,9454
13240,9455
13240,9456
13240,9457
13240,9458
13240,9459
13240,9460
13241,9349
13241,9350
13241,9351
13241,9352
13241,9353
13241,9354
13241,9355
13241,9356
13241,9357
13241,9358
13241,9359
13241,9360
13241,9361
13241,9362
13241,9363
13241,9364
13241,9365
13241,9366
13241,9367
13241,9368
13241,9369
13241,9370
13241,9371
13241,9372
13241,9373
13241,9374
13241,9375
13241,9376
13241,9377
13241,9378
13241,9379
13241,9380
13241,9381
13241,9382
13241,9383
13241,9384
13241,9385
13241,9386
13241,9387
13241,9388
13241,9389
13241,9390
13241,9391
13241,9392
13241,9393
13241,9394
13241,9395
13241,9396
13241,9397
13241,9398
13241,9399
13241,9400
13241,9401
13241,9402
13241,9403
13241,9404
13241,9405
13241,9406
13241,9407
13241,9408
13241,9409
13241,9410
13241,9411
13241,9412
13241,9413
13241,9414
13241,9415
13241,9416
13241,9428
13241,9429
13241,9430
13241,9431
13241,9432
13241,9433
13241,9434
13241,9435
13241,9436
13241,9437
13241,9438
13241,9439
13241,9440
13241,9441
13241,9442
13241,9443
13241,9444
13241,9445
13241,9446
13241,9447
13241,9448
13241,9449
13241,9450
13241,9451
13241,9452
13241,9453
13241,9454
13241,9455
13241,9456
13241,9457
13241,9458
13241,9459
13242,9350
13242,9351
13242,9352
13242,9353
13242,9354
13242,9355
13242,9356
13242,9357
13242,9358
13242,9359
13242,9360
13242,9361
13242,9362
13242,9363
13242,9364
13242,9365
13242,9366
13242,9367
13242,9368
13242,9369
13242,9370
13242,9371
13242,9372
13242,9373
13242,9374
13242,9375
13242,9376
13242,9377
13242,9378
13242,9379
13242,9380
13242,9381
13242,9382
13242,9383
13242,9384
13242,9385
13242,9386
13242,9387
13242,9388
13242,9389
13242,9390
13242,9391
13242,9392
13242,9393
13242,9394
13242,9395
13242,9396
13242,9397
13242,9398
13242,9399
13242,9400
13242,9401
13242,9402
13242,9403
13242,9404
13242,9405
13242,9406
13242,9407
13242,9408
13242,9409
13242,9410
13242,9411
13242,9412
13242,9413
13242,9414
13242,9415
13242,9428
13242,9429
13242,9430
13242,9431
13242,9432
13242,9433
13242,9434
13242,9435
13242,9436
13242,9437
13242,9438
13242,9439
13242,9440
13242,9441
13242,9442
13242,9443
13242,9444
13242,9445
13242,9446
13242,9447
13242,9448
13242,9449
13242,9450
13242,9451
13242,9452
13242,9453
13242,9454
13242,9455
13242,9456
13242,9457
13242,9458
13242,9459
13243,9350
13243,9351
13243,9352
13243,9353
13243,9354
13243,9355
13243,9356
13243,9357
13243,9358
13243,9359
13243,9360
13243,9361
13243,9362
13243,9363
13243,9364
13243,9365
13243,9366
13243,9367
13243,9368
13243,9369
13243,9370
13243,9371
13243,9372
13243,9373
13243,9374
13243,9375
13243,9376
13243,9377
13243,9378
13243,9379
13243,9380
13243,9381
13243,9382
13243,9383
13243,9384
13243,9385
13243,9386
13243,9387
13243,9388
13243,9389
13243,9390
13243,9391
13243,9392
13243,9393
13243,9394
13243,9395
13243,9396
13243,9397
13243,9398
13243,9399
13243,9400
13243,9401
13243,9402
13243,9403
13243,9404
13243,9405
13243,9406
13243,9407
13243,9408
13243,9409
13243,9410
13243,9411
13243,9412
13243,9413
13243,9414
13243,9415
13243,9428
13243,9429
13243,9430
13243,9431
13243,9432
13243,9433
13243,9434
13243,9435
13243,9436
13243,9437
13243,9438
13243,9439
13243,9440
13243,9441
13243,9442
13243,9443
13243,9444
13243,9445
13243,9446
13243,9447
13243,9448
13243,9449
13243,9450
13243,9451
13243,9452
13243,9453
13243,9454
13243,9455
13243,9456
13243,9457
13243,9458
13244,9350
13244,9351
13244,9352
13244,9353
13244,9354
13244,9355
13244,9356
13244,9357
13244,9358
13244,9359
13244,9360
13244,9361
13244,9362
13244,9363
13244,9364
13244,9365
13244,9366
13244,9367
13244,9368
13244,9369
13244,9370
13244,9371
13244,9372
13244,9373
13244,9374
13244,9375
13244,9376
13244,9377
13244,9378
13244,9379
13244,9380
13244,9381
13244,9382
13244,9383
13244,9384
13244,9385
13244,9386
13244,9387
13244,9388
13244,9389
13244,9390
13244,9391
13244,9392
13244,9393
13244,9394
13244,9395
13244,9396
13244,9397
13244,9398
13244,9399
13244,9400
13244,9401
13244,9402
13244,9403
13244,9404
13244,9405
13244,9406
13244,9407
13244,9408
13244,9409
13244,9410
13244,9411
13244,9412
13244,9413
13244,9414
13244,9427
13244,9428
13244,9429
13244,9430
13244,9431
13244,9432
13244,9433
13244,9434
13244,9435
13244,9436
13244,9437
13244,9439
13244,9443
13244,9444
13244,9445
13244,9446
13244,9447
13244,9448
13244,9449
13244,9450
13244,9451
13244,9452
13244,9453
13244,9454
13244,9455
13244,9456
13244,9457
13245,9349
13245,9350
13245,9351
13245,9352
13245,9353
13245,9354
13245,9355
13245,9356
13245,9357
13245,9358
13245,9359
13245,9360
13245,9361
13245,9362
13245,9363
13245,9364
13245,9365
13245,9366
13245,9367
13245,9368
13245,9369
13245,9370
13245,9371
13245,9372
13245,9373
13245,9374
13245,9375
13245,9376
13245,9377
13245,9378
13245,9379
13245,9380
13245,9381
13245,9382
13245,9383
13245,9384
13245,9385
13245,9386
13245,9387
13245,9388
13245,9389
13245,9390
13245,9391
13245,9392
13245,9393
13245,9394
13245,9395
13245,9396
13245,9397
13245,9398
13245,9400
13245,9401
13245,9402
13245,9403
13245,9404
13245,9405
13245,9406
13245,9407
13245,9408
13245,9409
13245,9410
13245,9411
13245,9412
13245,9413
13245,9428
13245,9429
13245,9430
13245,9431
13245,9432
13245,9433
13245,9434
13245,9435
13245,9436
13245,9444
13245,9445
13245,9446
13245,9447
13245,9448
13245,9449
13245,9450
13245,9451
13245,9452
13245,9453
13245,9454
13245,9455
13245,9456
13246,9349
13246,9350
13246,9351
13246,9352
13246,9353
13246,9354
13246,9355
13246,9356
13246,9357
13246,9358
13246,9359
13246,9360
13246,9361
13246,9362
13246,9363
13246,9364
13246,9365
13246,9366
13246,9367
13246,9368
13246,9369
13246,9370
13246,9371
13246,9372
13246,9373
13246,9374
13246,9375
13246,9376
13246,9377
13246,9378
13246,9379
13246,9380
13246,9381
13246,9382
13246,9383
13246,9384
13246,9385
13246,9386
13246,9387
13246,9388
13246,9389
13246,9390
13246,9391
13246,9392
13246,9393
13246,9394
13246,9395
13246,9396
13246,9397
13246,9398
13246,9401
13246,9402
13246,9403
13246,9404
13246,9405
13246,9406
13246,9407
13246,9408
13246,9409
13246,9410
13246,9411
13246,9428
13246,9429
13246,9430
13246,9431
13246,9432
13246,9433
13246,9434
13246,9435
13246,9436
13246,9447
13246,9448
13246,9449
13246,9450
13246,9451
13246,9452
13246,9453
13246,9454
13246,9455
13247,9349
13247,9350
13247,9351
13247,9352
13247,9353
13247,9354
13247,9355
13247,9356
13247,9357
13247,9358
13247,9359
13247,9360
13247,9361
13247,9362
13247,9363
13247,9364
13247,9365
13247,9366
13247,9367
13247,9368
13247,9369
13247,9370
13247,9371
13247,9372
13247,9373
13247,9374
13247,9375
13247,9376
13247,9377
13247,9378
13247,9379
13247,9380
13247,9381
13247,9382
13247,9383
13247,9384
13247,9385
13247,9386
13247,9387
13247,9388
13247,9389
13247,9390
13247,9391
13247,9392
13247,9393
13247,9394
13247,9395
13247,9396
13247,9397
13247,9398
13247,9402
13247,9403
13247,9404
13247,9405
13247,9406
13247,9407
13247,9408
13247,9409
13247,9429
13247,9430
13247,9431
13247,9432
13247,9433
13247,9434
13247,9435
13247,9451
13247,9453
13248,9348
13248,9349
13248,9350
13248,9351
13248,9352
13248,9353
13248,9354
13248,9355
13248,9356
13248,9357
13248,9358
13248,9359
13248,9360
13248,9361
13248,9362
13248,9363
13248,9364
13248,9365
13248,9366
13248,9367
13248,9368
13248,9369
13248,9370
13248,9371
13248,9372
13248,9373
13248,9374
13248,9375
13248,9376
13248,9377
13248,9378
13248,9379
13248,9380
13248,9381
13248,9382
13248,9383
13248,9384
13248,9385
13248,9386
13248,9387
13248,9388
13248,9389
13248,9390
13248,9391
13248,9392
13248,9393
13248,9394
13248,9395
13248,9396
13248,9397
13248,9405
13248,9406
13248,9430
13248,9431
13248,9432
13248,9433
13248,9434
13249,9347
13249,9348
13249,9349
13249,9350
13249,9351
13249,9352
13249,9353
13249,9354
13249,9355
13249,9356
13249,9357
13249,9358
13249,9359
13249,9360
13249,9361
13249,9362
13249,9363
13249,9364
13249,9365
13249,9366
13249,9367
13249,9368
13249,9369
13249,9370
13249,9371
13249,9372
13249,9373
13249,9374
13249,9375
13249,9376
13249,9377
13249,9378
13249,9379
13249,9380
13249,9381
13249,9382
13249,9383
13249,9384
13249,9385
13249,9386
13249,9387
13249,9388
13249,9389
13249,9390
13249,9391
13249,9392
13249,9393
13249,9394
13249,9395
13249,9396
13249,9397
13249,9398
13249,9432
13250,9346
13250,9347
13250,9348
13250,9349
13250,9350
13250,9351
13250,9352
13250,9353
13250,9354
13250,9355
13250,9356
13250,9357
13250,9358
13250,9359
13250,9360
13250,9361
13250,9362
13250,9363
13250,9364
13250,9365
13250,9366
13250,9367
13250,9368
13250,9369
13250,9370
13250,9371
13250,9372
13250,9373
13250,9374
13250,9375
13250,9376
13250,9377
13250,9378
13250,9379
13250,9380
13250,9381
13250,9382
13250,9383
13250,9384
13250,9385
13250,9386
13250,9387
13250,9388
13250,9389
13250,9390
13250,9391
13250,9392
13250,9393
13250,9394
13250,9395
13250,9396
13250,9397
13251,9346
13251,9347
13251,9348
13251,9349
13251,9350
13251,9351
13251,9352
13251,9353
13251,9354
13251,9355
13251,9356
13251,9357
13251,9358
13251,9359
13251,9360
13251,9361
13251,9362
13251,9363
13251,9364
13251,9365
13251,9366
13251,9367
13251,9368
13251,9369
13251,9370
13251,9371
13251,9372
13251,9373
13251,9374
13251,9375
13251,9376
13251,9377
13251,9378
13251,9379
13251,9380
13251,9381
13251,9382
13251,9383
13251,9384
13251,9385
13251,9386
13251,9387
13251,9388
13251,9389
13251,9390
13251,9391
13251,9392
13251,9393
13251,9394
13251,9395
13251,9396
13251,9397
13252,9345
13252,9346
13252,9347
13252,9348
13252,9349
13252,9350
13252,9351
13252,9352
13252,9353
13252,9354
13252,9355
13252,9356
13252,9357
13252,9358
13252,9359
13252,9360
13252,9361
13252,9362
13252,9363
13252,9364
13252,9365
13252,9366
13252,9367
13252,9368
13252,9369
13252,9370
13252,9371
13252,9372
13252,9373
13252,9374
13252,9375
13252,9376
13252,9377
13252,9378
13252,9379
13252,9380
13252,9381
13252,9382
13252,9383
13252,9384
13252,9385
13252,9386
13252,9387
13252,9388
13252,9389
13252,9390
13252,9391
13252,9392
13252,9393
13252,9394
13252,9395
13252,9396
13252,9397
13253,9343
13253,9344
13253,9345
13253,9346
13253,9347
13253,9348
13253,9349
13253,9350
13253,9351
13253,9352
13253,9353
13253,9354
13253,9355
13253,9356
13253,9357
13253,9358
13253,9359
13253,9360
13253,9361
13253,9362
13253,9363
13253,9364
13253,9365
13253,9366
13253,9367
13253,9368
13253,9369
13253,9370
13253,9371
13253,9372
13253,9373
13253,9374
13253,9375
13253,9376
13253,9377
13253,9378
13253,9379
13253,9380
13253,9381
13253,9382
13253,9383
13253,9384
13253,9385
13253,9386
13253,9387
13253,9388
13253,9389
13253,9390
13253,9391
13253,9392
13253,9393
13253,9394
13253,9395
13253,9396
13253,9397
13254,9341
13254,9342
13254,9343
13254,9344
13254,9345
13254,9346
13254,9347
13254,9348
13254,9349
13254,9350
13254,9351
13254,9352
13254,9353
13254,9354
13254,9355
13254,9356
13254,9357
13254,9358
13254,9359
13254,9360
13254,9361
13254,9362
13254,9363
13254,9364
13254,9365
13254,9366
13254,9367
13254,9368
13254,9369
13254,9370
13254,9371
13254,9372
13254,9373
13254,9374
13254,9375
13254,9376
13254,9377
13254,9378
13254,9379
13254,9380
13254,9381
13254,9382
13254,9383
13254,9384
13254,9385
13254,9386
13254,9387
13254,9388
13254,9389
13254,9390
13254,9391
13254,9392
13254,9393
13254,9394
13254,9395
13254,9396
13255,9338
13255,9339
13255,9340
13255,9341
13255,9342
13255,9343
13255,9344
13255,9345
13255,9346
13255,9347
13255,9348
13255,9349
13255,9350
13255,9351
13255,9352
13255,9353
13255,9354
13255,9355
13255,9356
13255,9357
13255,9358
13255,9359
13255,9360
13255,9361
13255,9362
13255,9363
13255,9364
13255,9365
13255,9366
13255,9367
13255,9368
13255,9369
13255,9370
13255,9371
13255,9372
13255,9373
13255,9374
13255,9375
13255,9376
13255,9377
13255,9378
13255,9379
13255,9380
13255,9381
13255,9382
13255,9383
13255,9384
13255,9385
13255,9386
13255,9387
13255,9388
13255,9389
13255,9390
13255,9391
13255,9392
13255,9393
13255,9394
13255,9395
13255,9396
13256,9336
13256,9337
13256,9338
13256,9339
13256,9340
13256,9341
13256,9342
13256,9343
13256,9344
13256,9345
13256,9346
13256,9347
13256,9348
13256,9349
13256,9350
13256,9351
13256,9352
13256,9353
13256,9354
13256,9355
13256,9356
13256,9357
13256,9358
13256,9359
13256,9360
13256,9361
13256,9362
13256,9363
13256,9364
13256,9365
13256,9366
13256,9367
13256,9368
13256,9369
13256,9370
13256,9371
13256,9372
13256,9373
13256,9374
13256,9375
13256,9376
13256,9377
13256,9378
13256,9379
13256,9380
13256,9381
13256,9382
13256,9383
13256,9384
13256,9385
13256,9386
13256,9387
13256,9388
13256,9389
13256,9390
13256,9391
13256,9392
13256,9393
13256,9394
13256,9395
13257,9335
13257,9336
13257,9337
13257,9338
13257,9339
13257,9340
13257,9341
13257,9342
13257,9343
13257,9344
13257,9345
13257,9346
13257,9347
13257,9348
13257,9349
13257,9350
13257,9351
13257,9352
13257,9353
13257,9354
13257,9355
13257,9356
13257,9357
13257,9358
13257,9359
13257,9360
13257,9361
13257,9362
13257,9363
13257,9364
13257,9365
13257,9366
13257,9367
13257,9368
13257,9369
13257,9370
13257,9371
13257,9372
13257,9373
13257,9374
13257,9375
13257,9376
13257,9377
13257,9378
13257,9379
13257,9380
13257,9381
13257,9382
13257,9383
13257,9384
13257,9385
13257,9386
13257,9387
13257,9388
13257,9389
13257,9390
13257,9391
13257,9392
13257,9393
13257,9394
13258,9334
13258,9335
13258,9336
13258,9337
13258,9338
13258,9339
13258,9340
13258,9341
13258,9342
13258,9343
13258,9344
13258,9345
13258,9346
13258,9347
13258,9348
13258,9349
13258,9350
13258,9351
13258,9352
13258,9353
13258,9354
13258,9355
13258,9356
13258,9357
13258,9358
13258,9359
13258,9360
13258,9361
13258,9362
13258,9363
13258,9364
13258,9365
13258,9366
13258,9367
13258,9368
13258,9369
13258,9370
13258,9371
13258,9372
13258,9373
13258,9374
13258,9375
13258,9376
13258,9377
13258,9378
13258,9379
13258,9380
13258,9381
13258,9382
13258,9383
13258,9384
13258,9385
13258,9386
13258,9387
13258,9388
13258,9389
13258,9390
13258,9391
13258,9392
13258,9393
13259,9332
13259,9333
13259,9334
13259,9335
13259,9336
13259,9337
13259,9338
13259,9339
13259,9340
13259,9341
13259,9342
13259,9343
13259,9344
13259,9345
13259,9346
13259,9347
13259,9348
13259,9349
13259,9350
13259,9351
13259,9352
13259,9353
13259,9354
13259,9355
13259,9356
13259,9357
13259,9358
13259,9359
13259,9360
13259,9361
13259,9362
13259,9363
13259,9364
13259,9365
13259,9366
13259,9367
13259,9368
13259,9369
13259,9370
13259,9371
13259,9372
13259,9373
13259,9374
13259,9375
13259,9376
13259,9377
13259,9378
13259,9379
13259,9380
13259,9381
13259,9382
13259,9383
13259,9384
13259,9385
13259,9386
13259,9387
13259,9388
13259,9389
13259,9390
13259,9391
13259,9392
13259,9393
13260,9331
13260,9332
13260,9333
13260,9334
13260,9335
13260,9336
13260,9337
13260,9338
13260,9339
13260,9340
13260,9341
13260,9342
13260,9343
13260,9344
13260,9345
13260,9346
13260,9347
13260,9348
13260,9349
13260,9350
13260,9351
13260,9352
13260,9353
13260,9354
13260,9355
13260,9356
13260,9357
13260,9358
13260,9359
13260,9360
13260,9361
13260,9362
13260,9363
13260,9364
13260,9365
13260,9366
13260,9367
13260,9368
13260,9369
13260,9370
13260,9371
13260,9372
13260,9373
13260,9374
13260,9375
13260,9376
13260,9377
13260,9378
13260,9379
13260,9380
13260,9381
13260,9382
13260,9383
13260,9384
13260,9385
13260,9386
13260,9387
13260,9388
13260,9389
13260,9390
13260,9391
13260,9392
13261,9330
13261,9331
13261,9332
13261,9333
13261,9334
13261,9335
13261,9336
13261,9337
13261,9338
13261,9339
13261,9340
13261,9341
13261,9342
13261,9343
13261,9344
13261,9345
13261,9346
13261,9347
13261,9348
13261,9349
13261,9350
13261,9351
13261,9352
13261,9353
13261,9354
13261,9355
13261,9356
13261,9357
13261,9358
13261,9359
13261,9360
13261,9361
13261,9362
13261,9363
13261,9364
13261,9365
13261,9366
13261,9367
13261,9368
13261,9369
13261,9370
13261,9371
13261,9372
13261,9373
13261,9374
13261,9375
13261,9376
13261,9377
13261,9378
13261,9379
13261,9380
13261,9381
13261,9382
13261,9383
13261,9384
13261,9385
13261,9386
13261,9387
13261,9388
13261,9389
13261,9390
13261,9391
13262,9329
13262,9330
13262,9331
13262,9332
13262,9333
13262,9334
13262,9335
13262,9336
13262,9337
13262,9338
13262,9339
13262,9340
13262,9341
13262,9342
13262,9343
13262,9344
13262,9345
13262,9346
13262,9347
13262,9348
13262,9349
13262,9350
13262,9351
13262,9352
13262,9353
13262,9354
13262,9355
13262,9356
13262,9357
13262,9358
13262,9359
13262,9360
13262,9361
13262,9362
13262,9363
13262,9364
13262,9365
13262,9366
13262,9367
13262,9368
13262,9369
13262,9370
13262,9371
13262,9372
13262,9373
13262,9374
13262,9375
13262,9376
13262,9377
13262,9378
13262,9379
13262,9380
13262,9381
13262,9382
13262,9383
13262,9384
13262,9385
13262,9386
13262,9387
13262,9388
13262,9389
13262,9390
13263,9329
13263,9330
13263,9331
13263,9332
13263,9333
13263,9334
13263,9335
13263,9336
13263,9337
13263,9338
13263,9339
13263,9340
13263,9341
13263,9342
13263,9343
13263,9344
13263,9345
13263,9346
13263,9347
13263,9348
13263,9349
13263,9350
13263,9351
13263,9352
13263,9353
13263,9354
13263,9355
13263,9356
13263,9357
13263,9358
13263,9359
13263,9360
13263,9361
13263,9362
13263,9363
13263,9364
13263,9365
13263,9366
13263,9367
13263,9368
13263,9369
13263,9370
13263,9371
13263,9372
13263,9373
13263,9374
13263,9375
13263,9376
13263,9377
13263,9378
13263,9379
13263,9380
13263,9381
13263,9382
13263,9383
13263,9384
13263,9385
13263,9386
13263,9387
13264,9326
13264,9327
13264,9328
13264,9329
13264,9330
13264,9331
13264,9332
13264,9333
13264,9334
13264,9335
13264,9336
13264,9337
13264,9338
13264,9339
13264,9340
13264,9341
13264,9342
13264,9343
13264,9344
13264,9345
13264,9346
13264,9347
13264,9348
13264,9349
13264,9350
13264,9351
13264,9352
13264,9353
13264,9354
13264,9355
13264,9356
13264,9357
13264,9358
13264,9359
13264,9360
13264,9361
13264,9362
13264,9363
13264,9364
13264,9365
13264,9366
13264,9367
13264,9368
13264,9369
13264,9370
13264,9371
13264,9372
13264,9373
13264,9374
13264,9375
13264,9376
13264,9377
13264,9378
13264,9379
13264,9380
13264,9381
13264,9382
13264,9383
13264,9384
13264,9385
13264,9386
13265,9324
13265,9325
13265,9326
13265,9327
13265,9328
13265,9329
13265,9330
13265,9331
13265,9332
13265,9333
13265,9334
13265,9335
13265,9336
13265,9337
13265,9338
13265,9339
13265,9340
13265,9341
13265,9342
13265,9343
13265,9344
13265,9345
13265,9346
13265,9347
13265,9348
13265,9349
13265,9350
13265,9351
13265,9352
13265,9353
13265,9354
13265,9355
13265,9356
13265,9357
13265,9358
13265,9359
13265,9360
13265,9361
13265,9362
13265,9363
13265,9364
13265,9365
13265,9366
13265,9367
13265,9368
13265,9369
13265,9370
13265,9371
13265,9372
13265,9373
13265,9374
13265,9375
13265,9376
13265,9377
13265,9378
13265,9379
13265,9380
13265,9381
13265,9382
13265,9383
13265,9384
13265,9385
13265,9386
13265,9387
13266,9321
13266,9323
13266,9324
13266,9325
13266,9326
13266,9327
13266,9328
13266,9329
13266,9330
13266,9331
13266,9332
13266,9333
13266,9334
13266,9335
13266,9336
13266,9337
13266,9338
13266,9339
13266,9340
13266,9341
13266,9342
13266,9343
13266,9344
13266,9345
13266,9346
13266,9347
13266,9348
13266,9349
13266,9350
13266,9351
13266,9352
13266,9353
13266,9354
13266,9355
13266,9356
13266,9357
13266,9358
13266,9359
13266,9360
13266,9361
13266,9362
13266,9363
13266,9364
13266,9365
13266,9366
13266,9367
13266,9368
13266,9369
13266,9370
13266,9371
13266,9372
13266,9373
13266,9374
13266,9375
13266,9376
13266,9377
13266,9378
13266,9379
13266,9380
13266,9381
13266,9382
13266,9383
13266,9384
13266,9385
13266,9386
13266,9387
13266,9388
13267,9317
13267,9318
13267,9319
13267,9320
13267,9321
13267,9322
13267,9323
13267,9324
13267,9325
13267,9326
13267,9327
13267,9328
13267,9329
13267,9330
13267,9331
13267,9332
13267,9333
13267,9334
13267,9335
13267,9336
13267,9337
13267,9338
13267,9339
13267,9340
13267,9341
13267,9342
13267,9343
13267,9344
13267,9345
13267,9346
13267,9347
13267,9348
13267,9349
13267,9350
13267,9351
13267,9352
13267,9353
13267,9354
13267,9355
13267,9356
13267,9357
13267,9358
13267,9359
13267,9360
13267,9361
13267,9362
13267,9363
13267,9364
13267,9365
13267,9366
13267,9367
13267,9368
13267,9369
13267,9370
13267,9371
13267,9372
13267,9373
13267,9374
13267,9375
13267,9376
13267,9377
13267,9378
13267,9379
13267,9380
13267,9381
13267,9382
13267,9383
13267,9384
13267,9385
13267,9386
13267,9387
13267,9388
13267,9389
13268,9314
13268,9315
13268,9316
13268,9317
13268,9318
13268,9319
13268,9320
13268,9321
13268,9322
13268,9323
13268,9324
13268,9325
13268,9326
13268,9327
13268,9328
13268,9329
13268,9330
13268,9331
13268,9332
13268,9333
13268,9334
13268,9335
13268,9336
13268,9337
13268,9338
13268,9339
13268,9340
13268,9341
13268,9342
13268,9343
13268,9344
13268,9345
13268,9346
13268,9347
13268,9348
13268,9349
13268,9350
13268,9351
13268,9352
13268,9353
13268,9354
13268,9355
13268,9356
13268,9357
13268,9358
13268,9359
13268,9360
13268,9361
13268,9362
13268,9363
13268,9364
13268,9365
13268,9366
13268,9367
13268,9368
13268,9369
13268,9370
13268,9371
13268,9372
13268,9373
13268,9374
13268,9375
13268,9376
13268,9377
13268,9378
13268,9379
13268,9380
13268,9381
13268,9382
13268,9383
13268,9384
13268,9385
13268,9386
13268,9387
13268,9388
13268,9389
13268,9390
13268,9391
13268,9407
13268,9415
13269,9313
13269,9314
13269,9315
13269,9316
13269,9317
13269,9318
13269,9319
13269,9320
13269,9321
13269,9322
13269,9323
13269,9324
13269,9325
13269,9326
13269,9327
13269,9328
13269,9329
13269,9330
13269,9331
13269,9332
13269,9333
13269,9334
13269,9335
13269,9336
13269,9337
13269,9338
13269,9339
13269,9340
13269,9341
13269,9342
13269,9343
13269,9344
13269,9345
13269,9346
13269,9347
13269,9348
13269,9349
13269,9350
13269,9351
13269,9352
13269,9353
13269,9354
13269,9355
13269,9356
13269,9357
13269,9358
13269,9359
13269,9360
13269,9361
13269,9362
13269,9363
13269,9364
13269,9365
13269,9366
13269,9367
13269,9368
13269,9369
13269,9370
13269,9371
13269,9372
13269,9373
13269,9374
13269,9375
13269,9376
13269,9377
13269,9378
13269,9379
13269,9380
13269,9381
13269,9382
13269,9383
13269,9384
13269,9385
13269,9386
13269,9387
13269,9388
13269,9389
13269,9390
13269,9391
13269,9392
13269,9401
13269,9403
13269,9404
13269,9405
13269,9406
13269,9407
13269,9408
13269,9409
13269,9410
13269,9411
13269,9412
13269,9413
13269,9414
13269,9415
13269,9416
13269,9417
13269,9418
13269,9419
13270,9312
13270,9313
13270,9314
13270,9315
13270,9316
13270,9317
13270,9318
13270,9319
13270,9320
13270,9321
13270,9322
13270,9323
13270,9324
13270,9325
13270,9326
13270,9327
13270,9328
13270,9329
13270,9330
13270,9331
13270,9332
13270,9333
13270,9334
13270,9335
13270,9336
13270,9337
13270,9338
13270,9339
13270,9340
13270,9341
13270,9342
13270,9343
13270,9344
13270,9345
13270,9346
13270,9347
13270,9348
13270,9349
13270,9350
13270,9351
13270,9352
13270,9353
13270,9354
13270,9355
13270,9356
13270,9357
13270,9358
13270,9359
13270,9360
13270,9361
13270,9362
13270,9363
13270,9364
13270,9365
13270,9366
13270,9367
13270,9368
13270,9369
13270,9370
13270,9371
13270,9372
13270,9373
13270,9374
13270,9375
13270,9376
13270,9377
13270,9378
13270,9379
13270,9380
13270,9381
13270,9382
13270,9383
13270,9384
13270,9385
13270,9386
13270,9387
13270,9388
13270,9389
13270,9390
13270,9391
13270,9392
13270,9393
13270,9398
13270,9399
13270,9400
13270,9401
13270,9402
13270,9403
13270,9404
13270,9405
13270,9406
13270,9407
13270,9408
13270,9409
13270,9410
13270,9411
13270,9412
13270,9413
13270,9414
13270,9415
13270,9416
13270,9417
13270,9418
13270,9419
13270,9420
13270,9421
13270,9422
13271,9311
13271,9312
13271,9313
13271,9314
13271,9315
13271,9316
13271,9317
13271,9318
13271,9319
13271,9320
13271,9321
13271,9322
13271,9323
13271,9324
13271,9325
13271,9326
13271,9327
13271,9328
13271,9329
13271,9330
13271,9331
13271,9332
13271,9333
13271,9334
13271,9335
13271,9336
13271,9337
13271,9338
13271,9339
13271,9340
13271,9341
13271,9342
13271,9343
13271,9344
13271,9345
13271,9346
13271,9347
13271,9348
13271,9349
13271,9350
13271,9351
13271,9352
13271,9353
13271,9354
13271,9355
13271,9356
13271,9357
13271,9358
13271,9359
13271,9360
13271,9361
13271,9362
13271,9363
13271,9364
13271,9365
13271,9366
13271,9367
13271,9368
13271,9369
13271,9370
13271,9371
13271,9372
13271,9373
13271,9374
13271,9375
13271,9376
13271,9377
13271,9378
13271,9379
13271,9380
13271,9381
13271,9382
13271,9383
13271,9384
13271,9385
13271,9386
13271,9387
13271,9388
13271,9389
13271,9390
13271,9391
13271,9392
13271,9393
13271,9394
13271,9395
13271,9396
13271,9397
13271,9398
13271,9399
13271,9400
13271,9401
13271,9402
13271,9403
13271,9404
13271,9405
13271,9406
13271,9407
13271,9408
13271,9409
13271,9410
13271,9411
13271,9412
13271,9413
13271,9414
13271,9415
13271,9416
13271,9417
13271,9418
13271,9419
13271,9420
13271,9421
13271,9422
13271,9423
13271,9424
13272,9311
13272,9312
13272,9313
13272,9314
13272,9315
13272,9316
13272,9317
13272,9318
13272,9319
13272,9320
13272,9321
13272,9322
13272,9323
13272,9324
13272,9325
13272,9326
13272,9327
13272,9328
13272,9329
13272,9330
13272,9331
13272,9332
13272,9333
13272,9334
13272,9335
13272,9336
13272,9337
13272,9338
13272,9339
13272,9340
13272,9341
13272,9342
13272,9343
13272,9344
13272,9345
13272,9346
13272,9347
13272,9348
13272,9349
13272,9350
13272,9351
13272,9352
13272,9353
13272,9354
13272,9355
13272,9356
13272,9357
13272,9358
13272,9359
13272,9360
13272,9361
13272,9362
13272,9363
13272,9364
13272,9365
13272,9366
13272,9367
13272,9368
13272,9369
13272,9370
13272,9371
13272,9372
13272,9373
13272,9374
13272,9375
13272,9376
13272,9377
13272,9378
13272,9379
13272,9380
13272,9381
13272,9382
13272,9383
13272,9384
13272,9385
13272,9386
13272,9387
13272,9388
13272,9389
13272,9390
13272,9391
13272,9392
13272,9393
13272,9394
13272,9395
13272,9396
13272,9397
13272,9398
13272,9399
13272,9400
13272,9401
13272,9402
13272,9403
13272,9404
13272,9405
13272,9406
13272,9407
13272,9408
13272,9409
13272,9410
13272,9411
13272,9412
13272,9413
13272,9414
13272,9415
13272,9416
13272,9417
13272,9418
13272,9419
13272,9420
13272,9421
13272,9422
13272,9423
13272,9424
13272,9425
13273,9310
13273,9311
13273,9312
13273,9313
13273,9314
13273,9315
13273,9316
13273,9317
13273,9318
13273,9319
13273,9320
13273,9321
13273,9322
13273,9323
13273,9324
13273,9325
13273,9326
13273,9327
13273,9328
13273,9329
13273,9330
13273,9331
13273,9332
13273,9333
13273,9334
13273,9335
13273,9336
13273,9337
13273,9338
13273,9339
13273,9340
13273,9341
13273,9342
13273,9343
13273,9344
13273,9345
13273,9346
13273,9347
13273,9348
13273,9349
13273,9350
13273,9351
13273,9352
13273,9353
13273,9354
13273,9355
13273,9356
13273,9357
13273,9358
13273,9359
13273,9360
13273,9361
13273,9362
13273,9363
13273,9364
13273,9365
13273,9366
13273,9367
13273,9368
13273,9369
13273,9370
13273,9371
13273,9372
13273,9373
13273,9374
13273,9375
13273,9376
13273,9377
13273,9378
13273,9379
13273,9380
13273,9381
13273,9382
13273,9383
13273,9384
13273,9385
13273,9386
13273,9387
13273,9388
13273,9389
13273,9390
13273,9391
13273,9392
13273,9393
13273,9394
13273,9395
13273,9396
13273,9397
13273,9398
13273,9399
13273,9400
13273,9401
13273,9402
13273,9403
13273,9404
13273,9405
13273,9406
13273,9407
13273,9408
13273,9409
13273,9410
13273,9411
13273,9412
13273,9413
13273,9414
13273,9415
13273,9416
13273,9417
13273,9418
13273,9419
13273,9420
13273,9421
13273,9422
13273,9423
13273,9424
13273,9425
13273,9426
13274,9309
13274,9310
13274,9311
13274,9312
13274,9313
13274,9314
13274,9315
13274,9316
13274,9317
13274,9318
13274,9319
13274,9320
13274,9321
13274,9322
13274,9323
13274,9324
13274,9325
13274,9326
13274,9327
13274,9328
13274,9329
13274,9330
13274,9331
13274,9332
13274,9333
13274,9334
13274,9335
13274,9336
13274,9337
13274,9338
13274,9339
13274,9340
13274,9341
13274,9342
13274,9343
13274,9344
13274,9345
13274,9346
13274,9347
13274,9348
13274,9349
13274,9350
13274,9351
13274,9352
13274,9353
13274,9354
13274,9355
13274,9356
13274,9357
13274,9358
13274,9359
13274,9360
13274,9361
13274,9362
13274,9363
13274,9364
13274,9365
13274,9366
13274,9367
13274,9368
13274,9369
13274,9370
13274,9371
13274,9372
13274,9373
13274,9374
13274,9375
13274,9376
13274,9377
13274,9378
13274,9379
13274,9380
13274,9381
13274,9382
13274,9383
13274,9384
13274,9385
13274,9386
13274,9387
13274,9388
13274,9389
13274,9390
13274,9391
13274,9392
13274,9393
13274,9394
13274,9395
13274,9396
13274,9397
13274,9398
13274,9399
13274,9400
13274,9401
13274,9402
13274,9403
13274,9404
13274,9405
13274,9406
13274,9407
13274,9408
13274,9409
13274,9410
13274,9411
13274,9412
13274,9413
13274,9414
13274,9415
13274,9416
13274,9417
13274,9418
13274,9419
13274,9420
13274,9421
13274,9422
13274,9423
13274,9424
13274,9425
13274,9426
13275,9309
13275,9310
13275,9311
13275,9312
13275,9313
13275,9314
13275,9315
13275,9316
13275,9317
13275,9318
13275,9319
13275,9320
13275,9321
13275,9322
13275,9323
13275,9324
13275,9325
13275,9326
13275,9327
13275,9328
13275,9329
13275,9330
13275,9331
13275,9332
13275,9333
13275,9334
13275,9335
13275,9336
13275,9337
13275,9338
13275,9339
13275,9340
13275,9341
13275,9342
13275,9343
13275,9344
13275,9345
13275,9346
13275,9347
13275,9348
13275,9349
13275,9350
13275,9351
13275,9352
13275,9353
13275,9354
13275,9355
13275,9356
13275,9357
13275,9358
13275,9359
13275,9360
13275,9361
13275,9362
13275,9363
13275,9364
13275,9365
13275,9366
13275,9367
13275,9368
13275,9369
13275,9370
13275,9371
13275,9372
13275,9373
13275,9374
13275,9375
13275,9376
13275,9377
13275,9378
13275,9379
13275,9380
13275,9381
13275,9382
13275,9383
13275,9384
13275,9385
13275,9386
13275,9387
13275,9388
13275,9389
13275,9390
13275,9391
13275,9392
13275,9393
13275,9394
13275,9395
13275,9396
13275,9397
13275,9398
13275,9399
13275,9400
13275,9401
13275,9402
13275,9403
13275,9404
13275,9405
13275,9406
13275,9407
13275,9408
13275,9409
13275,9410
13275,9411
13275,9412
13275,9413
13275,9414
13275,9415
13275,9416
13275,9417
13275,9418
13275,9419
13275,9420
13275,9421
13275,9422
13275,9423
13275,9424
13275,9425
13275,9426
13276,9309
13276,9310
13276,9311
13276,9312
13276,9313
13276,9314
13276,9315
13276,9316
13276,9317
13276,9318
13276,9319
13276,9320
13276,9321
13276,9322
13276,9323
13276,9324
13276,9325
13276,9326
13276,9327
13276,9328
13276,9329
13276,9330
13276,9331
13276,9332
13276,9333
13276,9334
13276,9335
13276,9336
13276,9337
13276,9338
13276,9339
13276,9340
13276,9341
13276,9342
13276,9343
13276,9344
13276,9345
13276,9346
13276,9347
13276,9348
13276,9349
13276,9350
13276,9351
13276,9352
13276,9353
13276,9354
13276,9355
13276,9356
13276,9357
13276,9358
13276,9359
13276,9360
13276,9361
13276,9362
13276,9363
13276,9364
13276,9365
13276,9366
13276,9367
13276,9368
13276,9369
13276,9370
13276,9371
13276,9372
13276,9373
13276,9374
13276,9375
13276,9376
13276,9377
13276,9378
13276,9379
13276,9380
13276,9381
13276,9382
13276,9383
13276,9384
13276,9385
13276,9386
13276,9387
13276,9388
13276,9389
13276,9390
13276,9391
13276,9392
13276,9393
13276,9394
13276,9395
13276,9396
13276,9397
13276,9398
13276,9399
13276,9400
13276,9401
13276,9402
13276,9403
13276,9404
13276,9405
13276,9406
13276,9407
13276,9408
13276,9409
13276,9410
13276,9411
13276,9412
13276,9413
13276,9414
13276,9415
13276,9416
13276,9417
13276,9418
13276,9419
13276,9420
13276,9421
13276,9422
13276,9423
13276,9424
13276,9425
13276,9426
13276,9427
13277,9308
13277,9309
13277,9310
13277,9311
13277,9312
13277,9313
13277,9314
13277,9315
13277,9316
13277,9317
13277,9318
13277,9319
13277,9320
13277,9321
13277,9322
13277,9323
13277,9324
13277,9325
13277,9326
13277,9327
13277,9328
13277,9329
13277,9330
13277,9331
13277,9332
13277,9333
13277,9334
13277,9335
13277,9336
13277,9337
13277,9338
13277,9339
13277,9340
13277,9341
13277,9342
13277,9343
13277,9344
13277,9345
13277,9346
13277,9347
13277,9348
13277,9349
13277,9350
13277,9351
13277,9352
13277,9353
13277,9354
13277,9355
13277,9356
13277,9357
13277,9358
13277,9359
13277,9360
13277,9361
13277,9362
13277,9363
13277,9364
13277,9365
13277,9366
13277,9367
13277,9368
13277,9369
13277,9370
13277,9371
13277,9372
13277,9373
13277,9374
13277,9375
13277,9376
13277,9377
13277,9378
13277,9379
13277,9380
13277,9381
13277,9382
13277,9383
13277,9384
13277,9385
13277,9386
13277,9387
13277,9388
13277,9389
13277,9390
13277,9391
13277,9392
13277,9393
13277,9394
13277,9395
13277,9396
13277,9397
13277,9398
13277,9399
13277,9400
13277,9401
13277,9402
13277,9403
13277,9404
13277,9405
13277,9406
13277,9407
13277,9408
13277,9409
13277,9410
13277,9411
13277,9412
13277,9413
13277,9414
13277,9415
13277,9416
13277,9417
13277,9418
13277,9419
13277,9420
13277,9421
13277,9422
13277,9423
13277,9424
13277,9425
13277,9426
13278,9308
13278,9309
13278,9310
13278,9311
13278,9312
13278,9313
13278,9314
13278,9315
13278,9316
13278,9317
13278,9318
13278,9319
13278,9320
13278,9321
13278,9322
13278,9323
13278,9324
13278,9325
13278,9326
13278,9327
13278,9328
13278,9329
13278,9330
13278,9331
13278,9332
13278,9333
13278,9334
13278,9335
13278,9336
13278,9337
13278,9338
13278,9339
13278,9340
13278,9341
13278,9342
13278,9343
13278,9344
13278,9345
13278,9346
13278,9347
13278,9348
13278,9349
13278,9350
13278,9351
13278,9352
13278,9353
13278,9354
13278,9355
13278,9356
13278,9357
13278,9358
13278,9359
13278,9360
13278,9361
13278,9362
13278,9363
13278,9364
13278,9365
13278,9366
13278,9367
13278,9368
13278,9369
13278,9370
13278,9371
13278,9372
13278,9373
13278,9374
13278,9375
13278,9376
13278,9377
13278,9378
13278,9379
13278,9380
13278,9381
13278,9382
13278,9383
13278,9384
13278,9385
13278,9386
13278,9387
13278,9388
13278,9389
13278,9390
13278,9391
13278,9392
13278,9393
13278,9394
13278,9395
13278,9396
13278,9397
13278,9398
13278,9399
13278,9400
13278,9401
13278,9402
13278,9403
13278,9404
13278,9405
13278,9406
13278,9407
13278,9408
13278,9409
13278,9410
13278,9411
13278,9412
13278,9413
13278,9414
13278,9415
13278,9416
13278,9417
13278,9418
13278,9419
13278,9420
13278,9421
13278,9422
13278,9423
13278,9424
13278,9425
13278,9426
13278,9427
13279,9308
13279,9309
13279,9310
13279,9311
13279,9312
13279,9313
13279,9314
13279,9315
13279,9316
13279,9317
13279,9318
13279,9319
13279,9320
13279,9321
13279,9322
13279,9323
13279,9324
13279,9325
13279,9326
13279,9327
13279,9328
13279,9329
13279,9330
13279,9331
13279,9332
13279,9333
13279,9334
13279,9335
13279,9336
13279,9337
13279,9338
13279,9339
13279,9340
13279,9341
13279,9342
13279,9343
13279,9344
13279,9345
13279,9346
13279,9347
13279,9348
13279,9349
13279,9350
13279,9351
13279,9352
13279,9353
13279,9354
13279,9355
13279,9356
13279,9357
13279,9358
13279,9359
13279,9360
13279,9361
13279,9362
13279,9363
13279,9364
13279,9365
13279,9366
13279,9367
13279,9368
13279,9369
13279,9370
13279,9371
13279,9372
13279,9373
13279,9374
13279,9375
13279,9376
13279,9377
13279,9378
13279,9379
13279,9380
13279,9381
13279,9382
13279,9383
13279,9384
13279,9385
13279,9386
13279,9387
13279,9388
13279,9389
13279,9390
13279,9391
13279,9392
13279,9393
13279,9394
13279,9395
13279,9396
13279,9397
13279,9398
13279,9399
13279,9400
13279,9401
13279,9402
13279,9403
13279,9404
13279,9405
13279,9406
13279,9407
13279,9408
13279,9409
13279,9410
13279,9411
13279,9412
13279,9413
13279,9414
13279,9415
13279,9416
13279,9417
13279,9418
13279,9419
13279,9420
13279,9421
13279,9422
13279,9423
13279,9424
13279,9425
13279,9426
13280,9309
13280,9310
13280,9311
13280,9312
13280,9313
13280,9314
13280,9315
13280,9316
13280,9317
13280,9318
13280,9319
13280,9320
13280,9321
13280,9322
13280,9323
13280,9324
13280,9325
13280,9326
13280,9327
13280,9328
13280,9329
13280,9330
13280,9331
13280,9332
13280,9333
13280,9334
13280,9335
13280,9336
13280,9337
13280,9338
13280,9339
13280,9340
13280,9341
13280,9342
13280,9343
13280,9344
13280,9345
13280,9346
13280,9347
13280,9348
13280,9349
13280,9350
13280,9351
13280,9352
13280,9353
13280,9354
13280,9355
13280,9356
13280,9357
13280,9358
13280,9359
13280,9360
13280,9361
13280,9362
13280,9363
13280,9364
13280,9365
13280,9366
13280,9367
13280,9368
13280,9369
13280,9370
13280,9371
13280,9372
13280,9373
13280,9374
13280,9375
13280,9376
13280,9377
13280,9378
13280,9379
13280,9380
13280,9381
13280,9382
13280,9383
13280,9384
13280,9385
13280,9386
13280,9387
13280,9388
13280,9389
13280,9390
13280,9391
13280,9392
13280,9393
13280,9394
13280,9395
13280,9396
13280,9397
13280,9398
13280,9399
13280,9400
13280,9401
13280,9402
13280,9403
13280,9404
13280,9405
13280,9406
13280,9407
13280,9408
13280,9409
13280,9410
13280,9411
13280,9412
13280,9413
13280,9414
13280,9415
13280,9416
13280,9417
13280,9418
13280,9419
13280,9420
13280,9421
13280,9422
13280,9423
13280,9424
13280,9425
13280,9426
13281,9308
13281,9309
13281,9310
13281,9311
13281,9312
13281,9313
13281,9314
13281,9315
13281,9316
13281,9317
13281,9318
13281,9319
13281,9320
13281,9321
13281,9322
13281,9323
13281,9324
13281,9325
13281,9326
13281,9327
13281,9328
13281,9329
13281,9330
13281,9331
13281,9332
13281,9333
13281,9334
13281,9335
13281,9336
13281,9337
13281,9338
13281,9339
13281,9340
13281,9341
13281,9342
13281,9343
13281,9344
13281,9345
13281,9346
13281,9347
13281,9348
13281,9349
13281,9350
13281,9351
13281,9352
13281,9353
13281,9354
13281,9355
13281,9356
13281,9357
13281,9358
13281,9359
13281,9360
13281,9361
13281,9362
13281,9363
13281,9364
13281,9365
13281,9366
13281,9367
13281,9368
13281,9369
13281,9370
13281,9371
13281,9372
13281,9373
13281,9374
13281,9375
13281,9376
13281,9377
13281,9378
13281,9379
13281,9380
13281,9381
13281,9382
13281,9383
13281,9384
13281,9385
13281,9386
13281,9387
13281,9388
13281,9389
13281,9390
13281,9391
13281,9392
13281,9393
13281,9394
13281,9395
13281,9396
13281,9397
13281,9398
13281,9399
13281,9400
13281,9401
13281,9402
13281,9403
13281,9404
13281,9405
13281,9406
13281,9407
13281,9408
13281,9409
13281,9410
13281,9411
13281,9412
13281,9413
13281,9414
13281,9415
13281,9416
13281,9417
13281,9418
13281,9419
13281,9420
13281,9421
13281,9422
13281,9423
13281,9424
13281,9425
13281,9426
13282,9309
13282,9310
13282,9311
13282,9312
13282,9313
13282,9314
13282,9315
13282,9316
13282,9317
13282,9318
13282,9319
13282,9320
13282,9321
13282,9322
13282,9323
13282,9324
13282,9325
13282,9326
13282,9327
13282,9328
13282,9329
13282,9330
13282,9331
13282,9332
13282,9333
13282,9334
13282,9335
13282,9336
13282,9337
13282,9338
13282,9339
13282,9340
13282,9341
13282,9342
13282,9343
13282,9344
13282,9345
13282,9346
13282,9347
13282,9348
13282,9349
13282,9350
13282,9351
13282,9352
13282,9353
13282,9354
13282,9355
13282,9356
13282,9357
13282,9358
13282,9359
13282,9360
13282,9361
13282,9362
13282,9363
13282,9364
13282,9365
13282,9366
13282,9367
13282,9368
13282,9369
13282,9370
13282,9371
13282,9372
13282,9373
13282,9374
13282,9375
13282,9376
13282,9377
13282,9378
13282,9379
13282,9380
13282,9381
13282,9382
13282,9383
13282,9384
13282,9385
13282,9386
13282,9387
13282,9388
13282,9389
13282,9390
13282,9391
13282,9392
13282,9393
13282,9394
13282,9395
13282,9396
13282,9397
13282,9398
13282,9399
13282,9400
13282,9401
13282,9402
13282,9403
13282,9404
13282,9405
13282,9406
13282,9407
13282,9408
13282,9409
13282,9410
13282,9411
13282,9412
13282,9413
13282,9414
13282,9415
13282,9416
13282,9417
13282,9418
13282,9419
13282,9420
13282,9421
13282,9422
13282,9423
13282,9424
13282,9425
13283,9309
13283,9310
13283,9311
13283,9312
13283,9313
13283,9314
13283,9315
13283,9316
13283,9317
13283,9318
13283,9319
13283,9320
13283,9321
13283,9322
13283,9323
13283,9324
13283,9325
13283,9326
13283,9327
13283,9328
13283,9329
13283,9330
13283,9331
13283,9332
13283,9333
13283,9334
13283,9335
13283,9336
13283,9337
13283,9338
13283,9339
13283,9340
13283,9341
13283,9342
13283,9343
13283,9344
13283,9345
13283,9346
13283,9347
13283,9348
13283,9349
13283,9350
13283,9351
13283,9352
13283,9353
13283,9354
13283,9355
13283,9356
13283,9357
13283,9358
13283,9359
13283,9360
13283,9361
13283,9362
13283,9363
13283,9364
13283,9365
13283,9366
13283,9367
13283,9368
13283,9369
13283,9370
13283,9371
13283,9372
13283,9373
13283,9374
13283,9375
13283,9376
13283,9377
13283,9378
13283,9379
13283,9380
13283,9381
13283,9382
13283,9383
13283,9384
13283,9385
13283,9386
13283,9387
13283,9388
13283,9389
13283,9390
13283,9391
13283,9392
13283,9393
13283,9394
13283,9395
13283,9396
13283,9397
13283,9398
13283,9399
13283,9400
13283,9401
13283,9402
13283,9403
13283,9404
13283,9405
13283,9406
13283,9407
13283,9408
13283,9409
13283,9410
13283,9411
13283,9412
13283,9413
13283,9414
13283,9415
13283,9416
13283,9417
13283,9418
13283,9419
13283,9420
13283,9421
13283,9422
13283,9423
13283,9424
13284,9309
13284,9310
13284,9311
13284,9312
13284,9313
13284,9314
13284,9315
13284,9316
13284,9317
13284,9318
13284,9319
13284,9320
13284,9321
13284,9322
13284,9323
13284,9324
13284,9325
13284,9326
13284,9327
13284,9328
13284,9329
13284,9330
13284,9331
13284,9332
13284,9333
13284,9334
13284,9335
13284,9336
13284,9337
13284,9338
13284,9339
13284,9340
13284,9341
13284,9342
13284,9343
13284,9344
13284,9345
13284,9346
13284,9347
13284,9348
13284,9349
13284,9350
13284,9351
13284,9352
13284,9353
13284,9354
13284,9355
13284,9356
13284,9357
13284,9358
13284,9359
13284,9360
13284,9361
13284,9362
13284,9363
13284,9364
13284,9365
13284,9366
13284,9367
13284,9368
13284,9369
13284,9370
13284,9371
13284,9372
13284,9373
13284,9374
13284,9375
13284,9376
13284,9377
13284,9378
13284,9379
13284,9380
13284,9381
13284,9382
13284,9383
13284,9384
13284,9385
13284,9386
13284,9387
13284,9388
13284,9389
13284,9390
13284,9391
13284,9392
13284,9393
13284,9394
13284,9395
13284,9396
13284,9397
13284,9398
13284,9399
13284,9400
13284,9401
13284,9402
13284,9403
13284,9404
13284,9405
13284,9406
13284,9407
13284,9408
13284,9409
13284,9410
13284,9411
13284,9412
13284,9413
13284,9414
13284,9415
13284,9416
13284,9417
13284,9418
13284,9421
13285,9310
13285,9311
13285,9312
13285,9313
13285,9314
13285,9315
13285,9316
13285,9317
13285,9318
13285,9319
13285,9320
13285,9321
13285,9322
13285,9323
13285,9324
13285,9325
13285,9326
13285,9327
13285,9328
13285,9329
13285,9330
13285,9331
13285,9332
13285,9333
13285,9334
13285,9335
13285,9336
13285,9337
13285,9338
13285,9339
13285,9340
13285,9341
13285,9342
13285,9343
13285,9344
13285,9345
13285,9346
13285,9347
13285,9348
13285,9349
13285,9350
13285,9351
13285,9352
13285,9353
13285,9354
13285,9355
13285,9356
13285,9357
13285,9358
13285,9359
13285,9360
13285,9361
13285,9362
13285,9363
13285,9364
13285,9365
13285,9366
13285,9367
13285,9368
13285,9369
13285,9370
13285,9371
13285,9372
13285,9373
13285,9374
13285,9375
13285,9376
13285,9377
13285,9378
13285,9379
13285,9380
13285,9381
13285,9382
13285,9383
13285,9384
13285,9385
13285,9386
13285,9387
13285,9388
13285,9389
13285,9390
13285,9391
13285,9392
13285,9393
13285,9394
13285,9395
13285,9396
13285,9397
13285,9398
13285,9399
13285,9400
13285,9401
13285,9402
13285,9403
13285,9404
13285,9405
13285,9406
13285,9407
13285,9408
13285,9409
13285,9410
13285,9411
13285,9412
13285,9413
13285,9414
13285,9415
13285,9416
13285,9417
13286,9311
13286,9312
13286,9313
13286,9314
13286,9315
13286,9316
13286,9317
13286,9318
13286,9319
13286,9320
13286,9321
13286,9322
13286,9323
13286,9324
13286,9325
13286,9326
13286,9327
13286,9328
13286,9329
13286,9330
13286,9331
13286,9332
13286,9333
13286,9334
13286,9335
13286,9336
13286,9337
13286,9338
13286,9339
13286,9340
13286,9341
13286,9342
13286,9343
13286,9344
13286,9345
13286,9346
13286,9347
13286,9348
13286,9349
13286,9350
13286,9351
13286,9352
13286,9353
13286,9354
13286,9355
13286,9356
13286,9357
13286,9358
13286,9359
13286,9360
13286,9361
13286,9362
13286,9363
13286,9364
13286,9365
13286,9366
13286,9367
13286,9368
13286,9369
13286,9370
13286,9371
13286,9372
13286,9373
13286,9374
13286,9375
13286,9376
13286,9377
13286,9378
13286,9379
13286,9380
13286,9381
13286,9382
13286,9383
13286,9384
13286,9385
13286,9386
13286,9387
13286,9388
13286,9389
13286,9390
13286,9391
13286,9392
13286,9393
13286,9394
13286,9395
13286,9396
13286,9397
13286,9398
13286,9399
13286,9400
13286,9401
13286,9402
13286,9403
13286,9404
13286,9405
13286,9406
13286,9407
13286,9408
13286,9409
13286,9410
13286,9411
13286,9412
13286,9413
13286,9414
13286,9415
13286,9416
13286,9417
13287,9312
13287,9313
13287,9314
13287,9315
13287,9316
13287,9317
13287,9318
13287,9319
13287,9320
13287,9321
13287,9322
13287,9323
13287,9324
13287,9325
13287,9326
13287,9327
13287,9328
13287,9329
13287,9330
13287,9331
13287,9332
13287,9333
13287,9334
13287,9335
13287,9336
13287,9337
13287,9338
13287,9339
13287,9340
13287,9341
13287,9342
13287,9343
13287,9344
13287,9345
13287,9346
13287,9347
13287,9348
13287,9349
13287,9350
13287,9351
13287,9352
13287,9353
13287,9354
13287,9355
13287,9356
13287,9357
13287,9358
13287,9359
13287,9360
13287,9361
13287,9362
13287,9363
13287,9364
13287,9365
13287,9366
13287,9367
13287,9368
13287,9369
13287,9370
13287,9371
13287,9372
13287,9373
13287,9374
13287,9375
13287,9376
13287,9377
13287,9378
13287,9379
13287,9380
13287,9381
13287,9382
13287,9383
13287,9384
13287,9385
13287,9386
13287,9387
13287,9388
13287,9389
13287,9390
13287,9391
13287,9392
13287,9393
13287,9394
13287,9395
13287,9396
13287,9397
13287,9398
13287,9399
13287,9400
13287,9401
13287,9402
13287,9403
13287,9404
13287,9405
13287,9406
13287,9407
13287,9408
13287,9409
13287,9410
13287,9411
13287,9412
13287,9413
13287,9414
13287,9415
13287,9416
13287,9417
13287,9418
13288,9314
13288,9315
13288,9316
13288,9317
13288,9318
13288,9319
13288,9320
13288,9321
13288,9322
13288,9323
13288,9324
13288,9325
13288,9326
13288,9327
13288,9328
13288,9329
13288,9330
13288,9331
13288,9332
13288,9333
13288,9334
13288,9335
13288,9336
13288,9337
13288,9338
13288,9339
13288,9340
13288,9341
13288,9342
13288,9343
13288,9344
13288,9345
13288,9346
13288,9347
13288,9348
13288,9349
13288,9350
13288,9351
13288,9352
13288,9353
13288,9354
13288,9355
13288,9356
13288,9357
13288,9358
13288,9359
13288,9360
13288,9361
13288,9362
13288,9363
13288,9364
13288,9365
13288,9366
13288,9367
13288,9368
13288,9369
13288,9370
13288,9371
13288,9372
13288,9373
13288,9374
13288,9375
13288,9376
13288,9377
13288,9378
13288,9379
13288,9380
13288,9381
13288,9382
13288,9383
13288,9384
13288,9385
13288,9386
13288,9387
13288,9388
13288,9389
13288,9390
13288,9391
13288,9392
13288,9393
13288,9394
13288,9395
13288,9396
13288,9397
13288,9398
13288,9399
13288,9400
13288,9401
13288,9402
13288,9403
13288,9404
13288,9405
13288,9406
13288,9407
13288,9408
13288,9409
13288,9410
13288,9411
13288,9412
13288,9413
13288,9414
13288,9415
13288,9416
13288,9417
13289,9314
13289,9315
13289,9316
13289,9317
13289,9318
13289,9319
13289,9320
13289,9321
13289,9322
13289,9323
13289,9324
13289,9325
13289,9326
13289,9327
13289,9328
13289,9329
13289,9330
13289,9331
13289,9332
13289,9333
13289,9334
13289,9335
13289,9336
13289,9337
13289,9338
13289,9339
13289,9340
13289,9341
13289,9342
13289,9343
13289,9344
13289,9345
13289,9346
13289,9347
13289,9348
13289,9349
13289,9350
13289,9351
13289,9352
13289,9353
13289,9354
13289,9355
13289,9356
13289,9357
13289,9358
13289,9359
13289,9360
13289,9361
13289,9362
13289,9363
13289,9364
13289,9365
13289,9366
13289,9367
13289,9368
13289,9369
13289,9370
13289,9371
13289,9372
13289,9373
13289,9374
13289,9375
13289,9376
13289,9377
13289,9378
13289,9379
13289,9380
13289,9381
13289,9382
13289,9383
13289,9384
13289,9385
13289,9386
13289,9387
13289,9388
13289,9389
13289,9390
13289,9391
13289,9392
13289,9393
13289,9394
13289,9395
13289,9396
13289,9397
13289,9398
13289,9399
13289,9400
13289,9401
13289,9402
13289,9403
13289,9404
13289,9405
13289,9406
13289,9407
13289,9408
13289,9409
13289,9410
13289,9411
13289,9412
13289,9413
13289,9414
13289,9415
13289,9416
13289,9417
13290,9315
13290,9316
13290,9317
13290,9318
13290,9319
13290,9320
13290,9321
13290,9322
13290,9323
13290,9324
13290,9325
13290,9326
13290,9327
13290,9328
13290,9329
13290,9330
13290,9331
13290,9332
13290,9333
13290,9334
13290,9335
13290,9336
13290,9337
13290,9338
13290,9339
13290,9340
13290,9341
13290,9342
13290,9343
13290,9344
13290,9345
13290,9346
13290,9347
13290,9348
13290,9349
13290,9350
13290,9351
13290,9352
13290,9353
13290,9354
13290,9355
13290,9356
13290,9357
13290,9358
13290,9359
13290,9360
13290,9361
13290,9362
13290,9363
13290,9364
13290,9365
13290,9366
13290,9367
13290,9368
13290,9369
13290,9370
13290,9371
13290,9372
13290,9373
13290,9374
13290,9375
13290,9376
13290,9377
13290,9378
13290,9379
13290,9380
13290,9381
13290,9382
13290,9383
13290,9384
13290,9385
13290,9386
13290,9387
13290,9388
13290,9389
13290,9390
13290,9391
13290,9392
13290,9393
13290,9394
13290,9395
13290,9396
13290,9397
13290,9398
13290,9399
13290,9400
13290,9401
13290,9402
13290,9403
13290,9404
13290,9405
13290,9406
13290,9407
13290,9408
13290,9409
13290,9410
13290,9411
13290,9412
13290,9413
13290,9414
13290,9415
13290,9416
13290,9417
13291,9316
13291,9317
13291,9318
13291,9319
13291,9320
13291,9321
13291,9322
13291,9323
13291,9324
13291,9325
13291,9326
13291,9327
13291,9328
13291,9329
13291,9330
13291,9331
13291,9332
13291,9333
13291,9334
13291,9335
13291,9336
13291,9337
13291,9338
13291,9339
13291,9340
13291,9341
13291,9342
13291,9343
13291,9344
13291,9345
13291,9346
13291,9347
13291,9348
13291,9349
13291,9350
13291,9351
13291,9352
13291,9353
13291,9354
13291,9355
13291,9356
13291,9357
13291,9358
13291,9359
13291,9360
13291,9361
13291,9362
13291,9363
13291,9364
13291,9365
13291,9366
13291,9367
13291,9368
13291,9369
13291,9370
13291,9371
13291,9372
13291,9373
13291,9374
13291,9375
13291,9376
13291,9377
13291,9378
13291,9379
13291,9380
13291,9381
13291,9382
13291,9383
13291,9384
13291,9385
13291,9386
13291,9387
13291,9388
13291,9389
13291,9390
13291,9391
13291,9392
13291,9393
13291,9394
13291,9395
13291,9396
13291,9397
13291,9398
13291,9399
13291,9400
13291,9401
13291,9402
13291,9403
13291,9404
13291,9405
13291,9406
13291,9407
13291,9408
13291,9409
13291,9410
13291,9411
13291,9412
13291,9413
13291,9414
13291,9415
13291,9416
13292,9316
13292,9317
13292,9318
13292,9319
13292,9320
13292,9321
13292,9322
13292,9323
13292,9324
13292,9325
13292,9326
13292,9327
13292,9328
13292,9329
13292,9330
13292,9331
13292,9332
13292,9333
13292,9334
13292,9335
13292,9336
13292,9337
13292,9338
13292,9339
13292,9340
13292,9341
13292,9342
13292,9343
13292,9344
13292,9345
13292,9346
13292,9347
13292,9348
13292,9349
13292,9350
13292,9351
13292,9352
13292,9353
13292,9354
13292,9355
13292,9356
13292,9357
13292,9358
13292,9359
13292,9360
13292,9361
13292,9362
13292,9363
13292,9364
13292,9365
13292,9366
13292,9367
13292,9368
13292,9369
13292,9370
13292,9371
13292,9372
13292,9373
13292,9374
13292,9375
13292,9376
13292,9377
13292,9378
13292,9379
13292,9380
13292,9381
13292,9382
13292,9383
13292,9384
13292,9385
13292,9386
13292,9387
13292,9388
13292,9389
13292,9390
13292,9391
13292,9392
13292,9393
13292,9394
13292,9395
13292,9396
13292,9397
13292,9398
13292,9399
13292,9400
13292,9401
13292,9402
13292,9403
13292,9404
13292,9405
13292,9406
13292,9407
13292,9408
13292,9409
13292,9410
13292,9411
13292,9412
13292,9413
13292,9414
13292,9415
13292,9416
13293,9316
13293,9317
13293,9318
13293,9319
13293,9320
13293,9321
13293,9322
13293,9323
13293,9324
13293,9325
13293,9326
13293,9327
13293,9328
13293,9329
13293,9330
13293,9331
13293,9332
13293,9333
13293,9334
13293,9335
13293,9336
13293,9337
13293,9338
13293,9339
13293,9340
13293,9341
13293,9342
13293,9343
13293,9344
13293,9345
13293,9346
13293,9347
13293,9348
13293,9349
13293,9350
13293,9351
13293,9352
13293,9353
13293,9354
13293,9355
13293,9356
13293,9357
13293,9358
13293,9359
13293,9360
13293,9361
13293,9362
13293,9363
13293,9364
13293,9365
13293,9366
13293,9367
13293,9368
13293,9369
13293,9370
13293,9371
13293,9372
13293,9373
13293,9374
13293,9375
13293,9376
13293,9377
13293,9378
13293,9379
13293,9380
13293,9381
13293,9382
13293,9383
13293,9384
13293,9385
13293,9386
13293,9387
13293,9388
13293,9389
13293,9390
13293,9391
13293,9392
13293,9393
13293,9394
13293,9395
13293,9396
13293,9397
13293,9398
13293,9399
13293,9400
13293,9401
13293,9402
13293,9403
13293,9404
13293,9405
13293,9406
13293,9407
13293,9408
13293,9409
13293,9410
13293,9411
13293,9412
13293,9413
13293,9414
13293,9415
13294,9317
13294,9318
13294,9319
13294,9320
13294,9321
13294,9322
13294,9323
13294,9324
13294,9325
13294,9326
13294,9327
13294,9328
13294,9329
13294,9330
13294,9331
13294,9332
13294,9333
13294,9334
13294,9335
13294,9336
13294,9337
13294,9338
13294,9339
13294,9340
13294,9341
13294,9342
13294,9343
13294,9344
13294,9345
13294,9346
13294,9347
13294,9348
13294,9349
13294,9350
13294,9351
13294,9352
13294,9353
13294,9354
13294,9355
13294,9356
13294,9357
13294,9358
13294,9359
13294,9360
13294,9361
13294,9362
13294,9363
13294,9364
13294,9365
13294,9366
13294,9367
13294,9368
13294,9369
13294,9370
13294,9371
13294,9372
13294,9373
13294,9374
13294,9375
13294,9376
13294,9377
13294,9378
13294,9379
13294,9380
13294,9381
13294,9382
13294,9383
13294,9384
13294,9385
13294,9386
13294,9387
13294,9388
13294,9389
13294,9390
13294,9391
13294,9392
13294,9393
13294,9394
13294,9395
13294,9396
13294,9397
13294,9398
13294,9399
13294,9400
13294,9401
13294,9402
13294,9403
13294,9404
13294,9405
13294,9406
13294,9407
13294,9408
13294,9409
13294,9410
13294,9411
13294,9412
13294,9413
13294,9414
13295,9318
13295,9319
13295,9320
13295,9321
13295,9322
13295,9323
13295,9324
13295,9325
13295,9326
13295,9327
13295,9328
13295,9329
13295,9330
13295,9331
13295,9332
13295,9333
13295,9334
13295,9335
13295,9336
13295,9337
13295,9338
13295,9339
13295,9340
13295,9341
13295,9342
13295,9343
13295,9344
13295,9345
13295,9346
13295,9347
13295,9348
13295,9349
13295,9350
13295,9351
13295,9352
13295,9353
13295,9354
13295,9355
13295,9356
13295,9357
13295,9358
13295,9359
13295,9360
13295,9361
13295,9362
13295,9363
13295,9364
13295,9365
13295,9366
13295,9367
13295,9368
13295,9369
13295,9370
13295,9371
13295,9372
13295,9373
13295,9374
13295,9375
13295,9376
13295,9377
13295,9378
13295,9379
13295,9380
13295,9381
13295,9382
13295,9383
13295,9384
13295,9385
13295,9386
13295,9387
13295,9388
13295,9389
13295,9390
13295,9391
13295,9392
13295,9393
13295,9394
13295,9395
13295,9396
13295,9397
13295,9398
13295,9399
13295,9400
13295,9401
13295,9402
13295,9403
13295,9404
13295,9405
13295,9406
13295,9407
13295,9408
13295,9409
13295,9410
13295,9411
13295,9412
13295,9413
13296,9319
13296,9320
13296,9321
13296,9322
13296,9323
13296,9324
13296,9325
13296,9326
13296,9327
13296,9328
13296,9329
13296,9330
13296,9331
13296,9332
13296,9333
13296,9334
13296,9335
13296,9336
13296,9337
13296,9338
13296,9339
13296,9340
13296,9341
13296,9342
13296,9343
13296,9344
13296,9345
13296,9346
13296,9347
13296,9348
13296,9349
13296,9350
13296,9351
13296,9352
13296,9353
13296,9354
13296,9355
13296,9356
13296,9357
13296,9358
13296,9359
13296,9360
13296,9361
13296,9362
13296,9363
13296,9364
13296,9365
13296,9366
13296,9367
13296,9368
13296,9369
13296,9370
13296,9371
13296,9372
13296,9373
13296,9374
13296,9375
13296,9376
13296,9377
13296,9378
13296,9379
13296,9380
13296,9381
13296,9382
13296,9383
13296,9384
13296,9385
13296,9386
13296,9387
13296,9388
13296,9389
13296,9390
13296,9391
13296,9392
13296,9393
13296,9394
13296,9395
13296,9396
13296,9397
13296,9398
13296,9399
13296,9400
13296,9401
13296,9402
13296,9403
13296,9404
13296,9405
13296,9406
13296,9407
13296,9408
13296,9409
13296,9410
13296,9411
13296,9412
13297,9321
13297,9322
13297,9323
13297,9324
13297,9325
13297,9326
13297,9327
13297,9328
13297,9329
13297,9330
13297,9331
13297,9332
13297,9333
13297,9334
13297,9335
13297,9336
13297,9337
13297,9338
13297,9339
13297,9340
13297,9341
13297,9342
13297,9343
13297,9344
13297,9345
13297,9346
13297,9347
13297,9348
13297,9349
13297,9350
13297,9351
13297,9352
13297,9353
13297,9354
13297,9355
13297,9356
13297,9357
13297,9358
13297,9359
13297,9360
13297,9361
13297,9362
13297,9363
13297,9364
13297,9365
13297,9366
13297,9367
13297,9368
13297,9369
13297,9370
13297,9371
13297,9372
13297,9373
13297,9374
13297,9375
13297,9376
13297,9377
13297,9378
13297,9379
13297,9380
13297,9381
13297,9382
13297,9383
13297,9384
13297,9385
13297,9386
13297,9387
13297,9388
13297,9389
13297,9390
13297,9391
13297,9392
13297,9393
13297,9394
13297,9395
13297,9396
13297,9397
13297,9398
13297,9399
13297,9400
13297,9401
13297,9402
13297,9403
13297,9404
13297,9405
13297,9406
13297,9407
13297,9408
13297,9409
13297,9410
13297,9411
13298,9321
13298,9322
13298,9323
13298,9324
13298,9325
13298,9326
13298,9327
13298,9328
13298,9329
13298,9330
13298,9331
13298,9332
13298,9333
13298,9334
13298,9335
13298,9336
13298,9337
13298,9338
13298,9339
13298,9340
13298,9341
13298,9342
13298,9343
13298,9344
13298,9345
13298,9346
13298,9347
13298,9348
13298,9349
13298,9350
13298,9351
13298,9352
13298,9353
13298,9354
13298,9355
13298,9356
13298,9357
13298,9358
13298,9359
13298,9360
13298,9361
13298,9362
13298,9363
13298,9364
13298,9365
13298,9366
13298,9367
13298,9368
13298,9369
13298,9370
13298,9371
13298,9372
13298,9373
13298,9374
13298,9375
13298,9376
13298,9377
13298,9378
13298,9379
13298,9380
13298,9381
13298,9382
13298,9383
13298,9384
13298,9385
13298,9386
13298,9387
13298,9388
13298,9389
13298,9390
13298,9391
13298,9392
13298,9393
13298,9394
13298,9395
13298,9396
13298,9397
13298,9398
13298,9399
13298,9400
13298,9401
13298,9402
13298,9403
13298,9404
13298,9405
13298,9406
13298,9407
13298,9408
13298,9409
13298,9410
13298,9411
13299,9320
13299,9321
13299,9322
13299,9323
13299,9324
13299,9325
13299,9326
13299,9327
13299,9328
13299,9329
13299,9330
13299,9331
13299,9332
13299,9333
13299,9334
13299,9335
13299,9336
13299,9337
13299,9338
13299,9339
13299,9340
13299,9341
13299,9342
13299,9343
13299,9344
13299,9345
13299,9346
13299,9347
13299,9348
13299,9349
13299,9350
13299,9351
13299,9352
13299,9353
13299,9354
13299,9355
13299,9356
13299,9357
13299,9358
13299,9359
13299,9360
13299,9361
13299,9362
13299,9363
13299,9364
13299,9365
13299,9366
13299,9367
13299,9368
13299,9369
13299,9370
13299,9371
13299,9372
13299,9373
13299,9374
13299,9375
13299,9376
13299,9377
13299,9378
13299,9379
13299,9380
13299,9381
13299,9382
13299,9383
13299,9384
13299,9385
13299,9386
13299,9387
13299,9388
13299,9389
13299,9390
13299,9391
13299,9392
13299,9393
13299,9394
13299,9395
13299,9396
13299,9397
13299,9398
13299,9399
13299,9400
13299,9401
13299,9402
13299,9403
13299,9404
13299,9405
13299,9406
13299,9407
13299,9408
13299,9409
13299,9410
13299,9411
13300,9320
13300,9321
13300,9322
13300,9323
13300,9324
13300,9325
13300,9326
13300,9327
13300,9328
13300,9329
13300,9330
13300,9331
13300,9332
13300,9333
13300,9334
13300,9335
13300,9336
13300,9337
13300,9338
13300,9339
13300,9340
13300,9341
13300,9342
13300,9343
13300,9344
13300,9345
13300,9346
13300,9347
13300,9348
13300,9349
13300,9350
13300,9351
13300,9352
13300,9353
13300,9354
13300,9355
13300,9356
13300,9357
13300,9358
13300,9359
13300,9360
13300,9361
13300,9362
13300,9363
13300,9364
13300,9365
13300,9366
13300,9367
13300,9368
13300,9369
13300,9370
13300,9371
13300,9372
13300,9373
13300,9374
13300,9375
13300,9376
13300,9377
13300,9378
13300,9379
13300,9380
13300,9381
13300,9382
13300,9383
13300,9384
13300,9385
13300,9386
13300,9387
13300,9388
13300,9389
13300,9390
13300,9391
13300,9392
13300,9393
13300,9394
13300,9395
13300,9396
13300,9397
13300,9398
13300,9399
13300,9400
13300,9401
13300,9402
13300,9403
13300,9404
13300,9405
13300,9406
13300,9407
13300,9408
13300,9409
13300,9410
13300,9411
13301,9320
13301,9321
13301,9322
13301,9323
13301,9324
13301,9325
13301,9326
13301,9327
13301,9328
13301,9329
13301,9330
13301,9331
13301,9332
13301,9333
13301,9334
13301,9335
13301,9336
13301,9337
13301,9338
13301,9339
13301,9340
13301,9341
13301,9342
13301,9343
13301,9344
13301,9345
13301,9346
13301,9347
13301,9348
13301,9349
13301,9350
13301,9351
13301,9352
13301,9353
13301,9354
13301,9355
13301,9356
13301,9357
13301,9358
13301,9359
13301,9360
13301,9361
13301,9362
13301,9363
13301,9364
13301,9365
13301,9366
13301,9367
13301,9368
13301,9369
13301,9370
13301,9371
13301,9372
13301,9373
13301,9374
13301,9375
13301,9376
13301,9377
13301,9378
13301,9379
13301,9380
13301,9381
13301,9382
13301,9383
13301,9384
13301,9385
13301,9386
13301,9387
13301,9388
13301,9389
13301,9390
13301,9391
13301,9392
13301,9393
13301,9394
13301,9395
13301,9396
13301,9397
13301,9398
13301,9399
13301,9400
13301,9401
13301,9402
13301,9403
13301,9404
13301,9405
13301,9406
13301,9407
13301,9408
13301,9409
13301,9410
13301,9411
13302,9319
13302,9320
13302,9321
13302,9322
13302,9323
13302,9324
13302,9325
13302,9326
13302,9327
13302,9328
13302,9329
13302,9330
13302,9331
13302,9332
13302,9333
13302,9334
13302,9335
13302,9336
13302,9337
13302,9338
13302,9339
13302,9340
13302,9341
13302,9342
13302,9343
13302,9344
13302,9345
13302,9346
13302,9347
13302,9348
13302,9349
13302,9350
13302,9351
13302,9352
13302,9353
13302,9354
13302,9355
13302,9356
13302,9357
13302,9358
13302,9359
13302,9360
13302,9361
13302,9362
13302,9363
13302,9364
13302,9365
13302,9366
13302,9367
13302,9368
13302,9369
13302,9370
13302,9371
13302,9372
13302,9373
13302,9374
13302,9375
13302,9376
13302,9377
13302,9378
13302,9379
13302,9380
13302,9381
13302,9382
13302,9383
13302,9384
13302,9385
13302,9386
13302,9387
13302,9388
13302,9389
13302,9390
13302,9391
13302,9392
13302,9393
13302,9394
13302,9395
13302,9396
13302,9397
13302,9398
13302,9399
13302,9400
13302,9401
13302,9402
13302,9403
13302,9404
13302,9405
13302,9406
13302,9407
13302,9408
13302,9409
13302,9410
13302,9411
13303,9319
13303,9320
13303,9321
13303,9322
13303,9323
13303,9324
13303,9325
13303,9326
13303,9327
13303,9328
13303,9329
13303,9330
13303,9331
13303,9332
13303,9333
13303,9334
13303,9335
13303,9336
13303,9337
13303,9338
13303,9339
13303,9340
13303,9341
13303,9342
13303,9343
13303,9344
13303,9345
13303,9346
13303,9347
13303,9348
13303,9349
13303,9350
13303,9351
13303,9352
13303,9353
13303,9354
13303,9355
13303,9356
13303,9357
13303,9358
13303,9359
13303,9360
13303,9361
13303,9362
13303,9363
13303,9364
13303,9365
13303,9366
13303,9367
13303,9368
13303,9369
13303,9370
13303,9371
13303,9372
13303,9373
13303,9374
13303,9375
13303,9376
13303,9377
13303,9378
13303,9379
13303,9380
13303,9381
13303,9382
13303,9383
13303,9384
13303,9385
13303,9386
13303,9387
13303,9388
13303,9389
13303,9390
13303,9391
13303,9392
13303,9393
13303,9394
13303,9395
13303,9396
13303,9397
13303,9398
13303,9399
13303,9400
13303,9401
13303,9402
13303,9403
13303,9404
13303,9405
13303,9406
13303,9407
13303,9408
13303,9409
13303,9410
13303,9411
13303,9412
13304,9320
13304,9321
13304,9322
13304,9323
13304,9324
13304,9325
13304,9326
13304,9327
13304,9328
13304,9329
13304,9330
13304,9331
13304,9332
13304,9333
13304,9334
13304,9335
13304,9336
13304,9337
13304,9338
13304,9339
13304,9340
13304,9341
13304,9342
13304,9343
13304,9344
13304,9345
13304,9346
13304,9347
13304,9348
13304,9349
13304,9350
13304,9351
13304,9352
13304,9353
13304,9354
13304,9355
13304,9356
13304,9357
13304,9358
13304,9359
13304,9360
13304,9361
13304,9362
13304,9363
13304,9364
13304,9365
13304,9366
13304,9367
13304,9368
13304,9369
13304,9370
13304,9371
13304,9372
13304,9373
13304,9374
13304,9375
13304,9376
13304,9377
13304,9378
13304,9379
13304,9380
13304,9381
13304,9382
13304,9383
13304,9384
13304,9385
13304,9386
13304,9387
13304,9388
13304,9389
13304,9390
13304,9391
13304,9392
13304,9393
13304,9394
13304,9395
13304,9396
13304,9397
13304,9398
13304,9399
13304,9400
13304,9401
13304,9402
13304,9403
13304,9404
13304,9405
13304,9406
13304,9407
13304,9408
13304,9409
13304,9410
13304,9411
13305,9320
13305,9321
13305,9322
13305,9323
13305,9324
13305,9325
13305,9326
13305,9327
13305,9328
13305,9329
13305,9330
13305,9331
13305,9332
13305,9333
13305,9334
13305,9335
13305,9336
13305,9337
13305,9338
13305,9339
13305,9340
13305,9341
13305,9342
13305,9343
13305,9344
13305,9345
13305,9346
13305,9347
13305,9348
13305,9349
13305,9350
13305,9351
13305,9352
13305,9353
13305,9354
13305,9355
13305,9356
13305,9357
13305,9358
13305,9359
13305,9360
13305,9361
13305,9362
13305,9363
13305,9364
13305,9365
13305,9366
